157 0 288 13 16 5 1 722 745 754 15241 0 27799 13 16 5 127 69345 71606 72402 333 0 603 13 16 5 2 1470 1472 1488 391534 0 709990 13 16 5 220 1730307 1732544 1751376
185 0 302 13 15 6 513 722 745 754 17923 0 29194 13 15 6 49846 69471 71606 72402 395 0 638 13 15 6 1368 1471 1472 1488 465266 0 751661 13 15 6 1610136 1731376 1732544 1751729
99 0 232 15 15 6 0 629 697 728 9610 0 22450 15 15 6 0 60815 66925 70157 222 0 514 15 15 6 0 1440 1472 1488 261496 0 605305 15 15 6 0 1694880 1732544 1751376
105 0 244 15 15 5 0 661 730 742 10162 0 23628 15 15 5 0 64230 70150 71432 225 0 520 15 15 5 0 1439 1466 1472 265065 0 612500 15 15 5 0 1693820 1725776 1732897
96 0 235 19 12 7 0 639 730 742 9317 0 22749 19 12 7 0 61858 70050 71432 206 0 500 19 12 7 0 1424 1457 1472 242217 0 589529 19 12 7 0 1676048 1715712 1732897
75 0 214 27 7 7 1 578 722 738 7325 0 20625 27 7 7 143 55911 69504 71045 159 0 448 27 7 7 2 1393 1454 1472 186474 0 527828 27 7 7 224 1639678 1711475 1732544
46 0 174 27 7 7 1 5 684 738 4500 0 16820 27 7 7 135 673 65699 71045 93 0 352 27 7 7 2 8 1424 1456 108440 0 414631 27 7 7 223 917 1676048 1713712
46 0 174 31 6 7 2 5 684 738 4542 0 16809 31 6 7 286 962 65699 71045 93 0 351 31 6 7 4 10 1424 1456 108491 0 414617 31 6 7 410 1130 1676048 1713712
1 0 2 33 6 7 1 4 5 9 178 0 433 33 6 7 145 538 840 1489 1 0 3 33 6 7 2 8 10 13 213 0 424 33 6 7 224 859 1117 1659
1 0 3 30 6 7 1 4 5 9 267 0 1751 30 6 7 145 539 840 1483 2 0 4 30 6 7 2 8 10 15 220 0 461 30 6 7 224 859 1117 1659
0 0 3 25 9 7 0 3 5 9 228 0 1752 25 9 7 0 461 835 1596 1 0 4 25 9 7 0 6 10 14 156 0 430 25 9 7 0 670 1081 1529
1 0 3 27 8 7 0 3 5 9 394 0 3348 27 8 7 0 502 867 1747 1 0 4 27 8 7 0 6 10 14 166 0 463 27 8 7 0 672 1121 1529
18 0 103 23 10 7 0 3 8 589 2038 0 10566 23 10 7 0 499 1601 57077 37 0 220 23 10 7 0 5 13 1421 43290 0 259058 23 10 7 0 597 1399 1672587
50 0 177 23 10 7 0 5 669 730 5137 0 17388 23 10 7 0 813 64866 70409 103 0 363 23 10 7 0 8 1424 1456 120405 0 428251 23 10 7 0 905 1675982 1714088
90 0 226 21 10 7 0 622 689 738 8929 0 22021 21 10 7 0 60608 66547 71118 192 0 479 21 10 7 0 1377 1440 1472 226061 0 564456 21 10 7 0 1621435 1694880 1732544
134 0 264 18 11 7 3 672 721 741 13172 0 25637 18 11 7 405 64875 69554 71498 291 0 569 18 11 7 5 1440 1472 1488 342287 0 670643 18 11 7 573 1694880 1732544 1751376
136 0 264 16 13 6 1 672 721 741 13204 0 25603 16 13 6 32 64875 69554 71498 296 0 571 16 13 6 1 1440 1472 1488 348293 0 671948 16 13 6 32 1694880 1732544 1751376
119 0 251 18 11 7 1 654 706 741 11553 0 24330 18 11 7 155 63032 68162 71498 259 0 544 18 11 7 2 1439 1472 1488 305156 0 640872 18 11 7 247 1693820 1732544 1751376
87 0 217 21 9 7 2 598 672 710 8465 0 20996 21 9 7 270 57653 64676 68404 194 0 482 21 9 7 4 1393 1456 1488 228065 0 568254 21 9 7 447 1640267 1713712 1751376
47 0 164 24 8 7 2 6 598 681 4615 0 15884 24 8 7 270 1217 57633 66361 105 0 368 24 8 7 4 12 1424 1488 122453 0 433721 24 8 7 447 1344 1676989 1751376
3 0 27 31 6 6 2 5 6 10 442 0 2722 31 6 6 288 808 1150 2025 7 0 65 30 6 7 4 8 12 14 6309 0 76551 30 6 7 448 897 1344 1632
1 0 2 33 5 6 2 5 6 8 245 0 454 33 5 6 386 808 997 1911 2 0 4 32 5 6 4 8 11 13 289 0 481 32 5 6 448 897 1325 1567
1 0 2 30 6 7 2 4 6 7 214 0 426 30 6 7 288 769 938 1711 2 0 3 29 6 7 4 8 11 13 259 0 468 29 6 7 448 897 1252 1479
24 0 115 28 7 7 1 5 10 574 2392 0 11186 28 7 7 268 812 2044 56055 54 0 266 27 7 7 3 8 14 1456 62609 0 314010 27 7 7 317 939 1610 1714088
67 0 202 24 8 7 1 266 697 746 6612 0 19540 24 8 7 147 27184 67541 71986 143 0 426 23 9 7 2 545 1456 1488 167381 0 501905 23 9 7 225 624760 1713712 1751376
67 0 202 17 14 7 0 266 697 746 6526 0 19565 17 14 7 0 27184 67541 71986 142 0 426 17 14 7 0 545 1456 1488 167283 0 501938 17 14 7 0 624760 1713712 1751376
105 0 244 16 14 6 0 663 723 746 10215 0 23663 16 14 6 0 64314 69878 72058 224 0 518 16 14 6 0 1441 1472 1488 264045 0 610641 16 14 6 0 1696057 1732544 1751376
132 0 267 14 15 6 1 686 736 746 12860 0 25825 14 15 6 32 66265 70787 72058 283 0 568 14 15 6 1 1456 1472 1488 333856 0 668565 14 15 6 32 1713712 1732544 1751376
145 0 279 12 18 2 1 717 738 755 14012 0 26986 12 18 2 32 68734 71242 72661 305 0 586 12 18 2 1 1456 1472 1488 359047 0 689981 12 18 2 32 1713712 1732544 1751376
113 0 252 15 15 6 0 669 729 740 10929 0 24364 15 15 6 0 64736 70253 71270 240 0 534 15 15 6 0 1455 1468 1488 282531 0 629185 15 15 6 0 1712652 1728071 1751376
113 0 252 17 12 7 1 669 729 740 10958 0 24351 17 12 7 239 64736 70253 71270 240 0 534 17 12 7 2 1455 1468 1488 282576 0 629165 17 12 7 246 1712652 1728071 1751376
75 0 213 18 11 6 1 537 720 739 7279 0 20523 18 11 6 135 51802 69146 71139 158 0 448 18 11 6 2 1393 1456 1479 185831 0 527719 18 11 6 224 1640267 1714065 1740853
47 0 175 21 10 6 1 4 661 738 4651 0 16868 21 10 6 171 548 63564 70985 99 0 363 21 10 6 2 8 1440 1472 116046 0 428623 21 10 6 224 895 1695115 1732544
12 0 93 24 8 6 1 3 4 8 1289 0 9032 24 8 6 135 533 548 1855 25 0 184 24 8 6 2 6 8 12 28467 0 217490 24 8 6 223 702 895 1487
0 0 1 23 9 6 1 3 4 5 109 0 216 23 9 6 133 411 540 668 1 0 2 23 9 6 2 6 8 9 160 0 312 23 9 6 223 670 892 988
13 0 83 21 10 6 1 3 4 375 1304 0 8075 21 10 6 32 411 599 36396 32 0 203 21 10 6 1 6 9 964 36583 0 239209 21 10 6 32 670 913 1128644
18 0 97 22 10 7 0 3 8 429 1830 0 9434 22 10 7 0 401 1169 42251 46 0 243 22 10 7 0 5 9 1440 54267 0 286661 22 10 7 0 536 1350 1695233
50 0 167 19 12 7 0 8 570 684 4908 0 16168 19 12 7 0 1226 55046 65900 117 0 385 19 12 7 0 10 1440 1472 137803 0 453340 19 12 7 0 1390 1694880 1732920
53 0 170 16 15 4 0 8 583 684 5188 0 16542 16 15 4 0 1461 56850 65900 123 0 392 16 15 4 0 15 1440 1472 145198 0 462106 16 15 4 0 1685 1694880 1732920
85 0 212 15 15 5 0 571 646 725 8309 0 20549 15 15 5 0 55095 62251 69914 200 0 490 15 15 5 0 1425 1488 1503 234831 0 576728 15 15 5 0 1677931 1751376 1769054
73 0 200 15 16 4 0 505 630 725 7084 0 19346 15 16 4 0 49106 61409 69914 168 0 457 15 16 4 0 1378 1488 1502 198364 0 538380 15 16 4 0 1621795 1751376 1767877
109 0 242 15 15 6 0 626 689 730 10619 0 23334 15 15 6 0 60474 66439 70422 245 0 537 15 15 6 0 1440 1472 1502 288427 0 632494 15 15 6 0 1694880 1733485 1767877
78 0 209 18 12 8 0 597 653 723 7546 0 20178 18 12 8 0 57520 62817 69567 174 0 466 18 12 8 0 1401 1471 1488 204900 0 549425 18 12 8 0 1643512 1731425 1751376
75 0 206 22 9 7 1 588 653 723 7293 0 19896 22 9 7 137 56479 62817 69567 168 0 460 22 9 7 2 1385 1471 1488 197542 0 542873 22 9 7 225 1630733 1731425 1751376
43 0 161 25 7 7 2 6 598 703 4407 0 15809 25 7 7 292 1005 57841 67321 93 0 348 25 7 7 4 11 1408 1456 107988 0 411018 25 7 7 450 1338 1657216 1713712
43 0 161 30 6 6 3 7 598 703 4424 0 15804 30 6 6 403 1074 57841 67321 93 0 348 30 6 6 6 11 1408 1456 108011 0 411012 30 6 6 633 1338 1657216 1713712
1 0 4 31 6 6 1 4 5 8 347 0 3315 31 6 6 153 550 800 1146 2 0 4 31 6 6 2 8 10 12 234 0 461 31 6 6 233 892 1115 1341
1 0 4 29 7 6 1 4 5 7 328 0 3315 29 7 6 133 548 757 1067 1 0 4 29 7 6 2 8 10 12 206 0 451 29 7 6 222 892 1112 1338
47 0 165 24 8 7 1 5 596 670 4734 0 16160 24 8 7 151 813 57515 64282 105 0 369 24 8 7 2 10 1419 1448 122219 0 434867 24 8 7 225 1115 1670398 1704460
51 0 172 21 11 7 0 4 615 670 5006 0 16563 21 11 7 0 698 59026 64282 116 0 384 21 11 7 0 8 1423 1448 135797 0 452594 21 11 7 0 905 1674929 1704460
68 0 197 16 15 6 0 443 649 729 6633 0 19031 16 15 6 0 43413 62709 69855 150 0 431 16 15 6 0 1011 1440 1462 176760 0 507778 16 15 6 0 1183159 1694880 1720821
96 0 226 16 14 6 0 595 685 729 9304 0 21803 16 14 6 0 57118 66120 69944 216 0 503 16 14 6 0 1423 1440 1471 254039 0 592576 16 14 6 0 1674988 1695350 1731367
98 0 228 15 15 5 0 595 687 729 9548 0 22036 15 15 5 0 57365 66120 69944 222 0 508 15 15 5 0 1424 1448 1471 261594 0 598393 15 15 5 0 1676048 1704413 1731367
53 0 172 16 16 4 0 28 581 715 5194 0 16698 16 16 4 0 4306 56515 68998 120 0 383 16 16 4 0 61 1439 1456 141861 0 450813 16 16 4 0 54275 1693703 1713853
56 0 177 20 12 7 0 78 619 718 5460 0 17164 20 12 7 0 9053 59796 69078 126 0 392 20 12 7 0 239 1439 1462 147713 0 461715 20 12 7 0 263263 1693761 1720985
39 0 147 21 11 7 0 5 411 687 3851 0 14241 21 11 7 0 816 40206 66111 91 0 337 20 12 7 0 8 1392 1454 106761 0 397242 20 12 7 0 1117 1639325 1711405
12 0 80 27 8 7 1 4 5 105 1217 0 7774 27 8 7 32 511 805 10446 26 0 173 26 8 7 0 6 10 397 29538 0 204273 26 8 7 0 668 1117 460791
37 0 150 30 6 6 2 5 286 706 3710 0 14526 30 6 6 182 699 29104 68041 79 0 317 29 7 7 2 8 598 1456 91819 0 373332 29 7 7 226 999 686931 1713712
78 0 218 29 6 6 3 572 726 753 7617 0 21056 29 6 6 364 55734 69841 72219 161 0 449 28 6 7 4 1358 1456 1488 187947 0 529054 28 6 7 447 1598954 1714594 1751376
72 0 211 25 7 7 2 289 726 753 6977 0 20331 25 7 7 268 29296 69841 72219 147 0 431 24 8 8 4 590 1456 1488 171835 0 508248 24 8 8 417 677536 1713712 1751376
99 0 239 25 8 7 2 672 731 754 9584 0 23028 25 8 7 270 64819 70150 72376 208 0 501 25 7 7 4 1440 1472 1488 244727 0 590245 25 7 7 445 1694880 1732544 1751399
126 0 261 17 13 7 1 691 740 754 12243 0 25220 17 13 7 32 66557 71051 72376 272 0 558 17 13 7 1 1456 1487 1499 320094 0 657102 17 13 7 32 1713712 1750199 1764370
117 0 253 15 15 6 0 681 740 754 11301 0 24387 15 15 6 0 65468 71186 72376 252 0 541 15 15 6 0 1456 1488 1499 296806 0 637175 15 15 6 0 1713712 1751376 1764370
93 0 227 15 16 5 0 580 721 745 9071 0 21938 15 16 5 0 56295 69416 71625 206 0 496 15 16 5 0 1440 1472 1488 242318 0 583816 15 16 5 0 1694880 1732544 1751376
92 0 226 16 14 6 0 580 721 745 8963 0 21843 16 14 6 0 56295 69416 71625 203 0 494 15 15 6 0 1440 1472 1488 238937 0 582210 15 15 6 0 1694880 1732544 1751376
65 0 195 16 13 7 2 300 669 736 6433 0 18872 16 13 7 267 30475 64978 70808 142 0 422 15 14 6 3 636 1471 1488 166147 0 498013 15 14 6 349 729927 1731425 1751376
68 0 199 18 11 7 3 310 677 727 6663 0 19195 18 11 7 412 31394 64948 69733 147 0 429 17 11 6 5 658 1456 1482 171030 0 506336 17 11 6 544 756070 1714594 1744431
80 0 215 17 11 6 3 590 683 730 7843 0 20740 17 11 6 477 56900 65752 70027 174 0 466 16 12 6 6 1421 1456 1477 203322 0 549362 16 12 6 670 1672752 1714594 1738476
94 0 228 16 12 6 4 613 682 725 9154 0 21953 16 12 6 552 59559 65714 69732 208 0 502 15 12 6 6 1437 1457 1472 242758 0 592420 15 12 6 767 1691702 1715712 1732544
139 0 267 14 13 6 9 668 721 746 13500 0 25692 14 13 6 1617 64181 69130 71579 305 0 583 14 13 6 13 1456 1472 1488 357778 0 687431 14 13 6 1823 1713712 1732544 1751376
150 0 276 13 16 4 11 671 725 747 14539 0 26594 13 16 4 1838 64710 69733 71932 329 0 600 13 16 4 13 1456 1472 1488 386544 0 707190 13 16 4 1749 1713712 1732544 1751376
142 0 272 13 17 4 1 671 725 747 13763 0 26247 13 17 4 32 64724 69733 71932 306 0 583 13 16 4 1 1443 1472 1488 360462 0 686688 13 16 4 32 1699352 1732544 1751376
118 0 252 13 17 2 0 650 715 745 11430 0 24354 13 17 2 0 62982 68604 71785 254 0 541 13 17 2 0 1440 1457 1488 298768 0 636916 13 17 2 0 1694880 1715712 1751376
94 0 231 13 18 0 0 618 709 742 9086 0 22285 13 18 0 0 59697 68160 71495 198 0 487 13 18 0 0 1407 1442 1488 233292 0 573451 13 18 0 0 1656980 1697763 1751376
79 0 215 13 18 0 0 588 694 733 7702 0 20772 13 18 0 0 56857 66438 70769 168 0 454 13 18 0 0 1363 1440 1472 197977 0 535276 13 18 0 0 1605310 1694880 1732544
79 0 213 14 17 3 0 583 696 729 7693 0 20630 14 17 3 0 56759 66768 70366 169 0 455 14 17 3 0 1363 1440 1472 199550 0 535708 14 17 3 0 1605310 1694880 1732544
96 0 230 14 17 4 0 613 696 738 9343 0 22291 14 17 4 0 59294 67341 71294 213 0 507 14 17 4 0 1440 1472 1488 250555 0 596826 14 17 4 0 1694880 1732544 1751376
89 0 224 14 17 4 0 598 696 738 8691 0 21682 14 17 4 0 57801 67238 71294 198 0 493 14 17 4 0 1440 1472 1488 233395 0 581093 14 17 4 0 1694880 1732544 1751376
82 0 215 16 15 6 0 566 683 734 7968 0 20821 16 15 6 0 54675 66233 70875 183 0 478 16 15 6 0 1440 1472 1488 215473 0 562875 16 15 6 0 1694880 1732544 1751376
51 0 174 17 14 6 0 4 622 702 4990 0 16848 17 14 6 0 659 60172 67706 115 0 390 17 14 6 0 8 1456 1486 135754 0 460119 17 14 6 0 890 1714006 1749069
