58 2 0 6 33 6 8 0 6 14 22 4409 160 0 477 33 6 8 0 432 1074 1642 57 2 0 6 33 6 8 0 6 14 22 10231 342 0 1055 33 6 8 0 854 1992 3680
35 1 0 4 31 7 8 0 4 7 17 2721 108 0 320 31 7 8 0 288 681 1345 35 1 0 4 31 7 8 0 4 7 18 6011 226 0 689 31 7 8 0 734 1334 3138
35 1 0 3 30 8 7 0 3 5 17 2721 85 0 293 30 8 7 0 244 424 1327 35 1 0 3 30 8 7 0 3 6 15 6011 177 0 628 30 8 7 0 513 827 2369
39 1 0 4 28 8 7 0 2 5 17 3004 88 0 326 28 8 7 0 242 388 1327 39 1 0 4 28 9 7 0 3 5 15 7627 186 0 736 28 9 7 0 504 904 2369
49 1 0 5 25 10 6 0 2 5 14 3727 91 0 393 25 10 6 0 173 417 1052 49 1 0 5 25 10 6 0 2 5 14 8379 204 0 926 25 10 6 0 378 915 3135
49 1 0 5 24 10 7 0 3 7 17 3727 100 0 423 24 10 7 0 242 522 1382 49 1 0 5 24 10 7 0 3 7 18 8379 225 0 981 24 10 7 0 383 1054 3135
49 1 0 5 23 11 8 0 3 7 18 3727 102 0 425 23 11 8 0 244 522 1384 49 1 0 5 23 11 8 0 3 7 18 8379 236 0 988 23 11 8 0 504 1054 3058
49 1 0 5 24 10 12 0 3 7 18 3727 111 0 433 24 10 12 0 261 567 1516 49 1 0 5 24 10 12 0 3 8 18 8379 258 0 1005 24 10 12 0 570 1241 3123
49 1 0 5 21 12 16 0 3 6 18 3727 94 0 396 21 12 16 0 231 462 1384 49 1 0 4 21 12 16 0 3 6 14 8379 219 0 906 21 12 16 0 523 1005 3058
44 0 0 3 18 14 18 0 1 4 9 3568 64 0 298 18 14 18 0 92 325 696 43 0 0 3 18 14 18 0 1 4 10 7522 150 0 677 18 14 18 0 247 798 1941
28 0 0 2 17 15 19 0 1 4 7 2143 46 0 205 17 15 19 0 74 304 567 28 0 0 2 17 15 19 0 1 4 8 5779 112 0 498 17 15 19 0 121 711 1282
28 0 0 3 18 14 15 0 1 4 14 2190 65 0 268 18 14 15 0 86 351 1087 28 0 0 3 16 16 16 0 1 5 14 5779 146 0 608 16 16 16 0 220 933 2111
28 0 0 3 19 13 16 0 1 4 14 2190 61 0 269 19 13 16 0 75 305 1087 28 0 0 3 17 15 17 0 1 4 14 5779 136 0 619 17 15 17 0 121 851 2111
28 0 0 3 19 13 17 0 1 4 14 2190 62 0 269 19 13 17 0 75 305 1087 28 0 0 3 17 15 17 0 1 4 14 5779 137 0 619 17 15 17 0 121 851 2111
27 0 0 3 18 14 17 0 1 4 12 2190 56 0 241 18 14 17 0 86 300 923 27 0 0 3 16 16 18 0 1 4 12 5392 120 0 530 16 16 18 0 170 676 1848
27 0 0 2 18 14 19 0 1 3 9 2190 51 0 235 18 14 19 0 74 244 800 27 0 0 2 16 16 20 0 1 3 9 5392 108 0 512 16 16 20 0 119 521 1580
21 0 0 1 18 15 17 0 0 2 4 1746 30 0 151 18 15 17 0 0 164 310 21 0 0 1 18 15 17 0 0 2 4 4164 64 0 328 18 15 17 0 0 376 643
19 0 0 1 17 16 18 0 0 2 4 1515 26 0 123 17 16 18 0 0 158 355 16 0 0 1 17 16 18 0 0 2 5 2463 58 0 264 17 16 18 0 0 376 721
33 0 0 2 21 12 13 0 1 3 6 2496 44 0 202 21 12 13 0 86 246 473 27 0 0 2 21 12 13 0 1 3 7 4083 95 0 385 21 12 13 0 189 562 1397
90 1 0 7 26 9 9 0 3 8 31 6790 146 0 608 26 9 9 0 246 699 2335 94 1 0 8 26 9 9 0 3 8 27 16118 319 0 1354 26 9 9 0 544 1577 4103
90 2 0 8 29 8 7 0 5 11 31 6790 173 0 626 29 8 7 0 365 879 2403 94 2 0 8 29 8 7 0 5 11 30 16118 376 0 1405 29 8 7 0 727 1965 5115
90 2 0 8 26 8 8 0 6 12 33 6790 198 0 692 26 8 8 0 461 972 2505 94 2 0 9 26 8 8 0 6 12 31 16118 436 0 1565 26 8 8 0 1147 2133 6355
90 2 0 8 30 7 7 1 6 12 33 6790 202 0 692 30 7 7 71 523 972 2505 94 2 0 9 30 7 7 1 6 12 31 16118 441 0 1563 30 7 7 98 1180 2116 6355
90 2 0 8 32 6 6 1 8 12 31 6790 217 0 690 32 6 6 84 611 973 2413 94 2 0 9 32 6 6 1 8 12 31 16118 479 0 1581 32 6 6 215 1391 2225 6355
65 1 0 5 31 7 6 0 5 10 14 5178 127 0 410 31 7 6 0 395 786 1126 65 1 0 5 30 7 7 0 5 10 14 11912 278 0 953 30 7 7 0 723 1629 2216
65 1 0 4 31 7 7 0 4 8 13 5178 108 0 383 31 7 7 0 300 656 985 65 1 0 4 30 7 7 0 4 8 13 11912 236 0 879 30 7 7 0 643 1520 2214
23 1 0 2 34 6 6 0 3 6 12 1860 81 0 224 34 6 6 0 255 485 943 23 0 0 2 33 7 6 0 3 6 12 4919 172 0 506 33 7 6 0 544 1081 1903
23 1 0 3 36 6 5 0 4 7 13 1860 94 0 247 36 6 5 0 303 574 985 23 1 0 3 34 6 6 0 4 7 13 4919 198 0 551 34 6 6 0 657 1258 2149
17 0 0 2 33 7 7 0 2 5 8 1405 62 0 190 33 7 7 0 219 399 671 18 0 0 2 31 8 7 0 2 5 8 3093 125 0 388 31 8 7 0 378 814 1476
17 0 0 1 29 8 8 0 2 3 6 1405 46 0 158 29 8 8 0 168 256 469 18 0 0 1 28 9 8 0 2 3 6 3093 92 0 330 28 9 8 0 258 557 1235
25 0 0 2 31 8 8 0 2 5 8 2152 61 0 210 31 8 8 0 174 386 671 24 0 0 2 30 8 8 0 2 5 8 4430 119 0 423 30 8 8 0 290 773 1375
25 0 0 2 26 10 10 0 2 3 8 2152 51 0 203 26 10 10 0 154 303 662 24 0 0 2 25 10 10 0 2 4 8 4430 101 0 412 25 10 10 0 220 557 1375
25 0 0 2 21 12 12 0 1 3 7 2152 42 0 185 21 12 12 0 81 232 534 24 0 0 2 21 12 12 0 1 3 7 4430 84 0 383 21 12 12 0 165 490 1125
25 0 0 2 21 12 12 0 1 3 7 2152 43 0 185 21 12 12 0 86 246 534 24 0 0 2 21 12 12 0 1 3 7 4430 88 0 385 21 12 12 0 166 508 1125
25 0 0 2 22 11 11 0 2 4 10 2152 58 0 226 22 11 11 0 148 308 773 24 0 0 2 22 11 11 0 2 4 10 4430 122 0 488 22 11 11 0 246 678 1382
24 0 0 2 21 12 8 0 1 3 7 1811 42 0 178 21 12 8 0 81 244 725 22 0 0 2 21 12 8 0 1 3 7 4132 92 0 404 21 12 8 0 156 504 1249
24 0 0 2 23 11 8 0 1 3 7 1811 44 0 179 23 11 8 0 92 244 725 22 0 0 2 23 11 8 0 1 3 7 4132 99 0 408 23 11 8 0 220 508 1249
24 0 0 2 25 10 8 0 1 3 6 1811 39 0 162 25 10 8 0 92 244 438 22 0 0 2 25 10 8 0 1 3 6 4132 85 0 360 25 10 8 0 194 504 990
24 0 0 2 25 10 10 0 1 3 6 1811 37 0 161 25 10 10 0 85 222 438 22 0 0 2 25 10 10 0 1 3 6 4132 83 0 360 25 10 10 0 145 477 990
13 0 0 1 24 11 10 0 0 2 4 1020 23 0 95 24 11 10 0 0 153 315 13 0 0 1 24 11 10 0 0 2 5 2064 52 0 203 24 11 10 0 0 448 851
8 0 0 0 24 11 9 0 0 2 4 612 20 0 74 24 11 9 0 0 150 307 8 0 0 0 24 11 9 0 0 2 4 1040 46 0 166 24 11 9 0 0 424 747
10 0 0 1 22 12 11 0 0 2 4 744 21 0 84 22 12 11 0 0 151 312 10 0 0 1 22 12 11 0 0 2 4 1474 47 0 178 22 12 11 0 0 420 747
20 0 0 2 20 13 10 0 1 3 8 1520 39 0 172 20 13 10 0 74 240 675 22 0 0 2 20 13 10 0 1 3 6 4004 89 0 402 20 13 10 0 146 531 1000
20 0 0 2 25 10 8 0 2 3 8 1520 44 0 174 25 10 8 0 144 254 675 22 0 0 2 25 10 8 0 2 3 6 4004 97 0 404 25 10 8 0 204 590 1000
20 0 0 2 26 10 7 0 2 3 8 1520 43 0 173 26 10 7 0 141 244 675 22 0 0 2 26 10 7 0 1 3 6 4004 93 0 400 26 10 7 0 189 528 930
20 0 0 2 22 12 10 0 1 3 8 1520 41 0 172 22 12 10 0 77 243 675 22 0 0 2 22 12 10 0 1 3 6 4004 87 0 397 22 12 10 0 141 504 930
37 0 0 3 26 9 9 0 2 4 13 2984 65 0 258 26 9 9 0 160 286 1012 37 0 0 3 26 9 9 0 2 4 13 5423 137 0 540 26 9 9 0 343 672 2206
37 0 0 2 28 9 9 0 2 3 8 2984 60 0 234 28 9 9 0 184 284 618 37 0 0 2 25 10 9 0 2 4 8 5423 116 0 450 25 10 9 0 379 643 1377
37 0 0 3 26 9 9 0 2 4 9 2984 63 0 243 26 9 9 0 184 300 719 37 0 0 3 23 11 9 0 2 4 9 5423 123 0 472 23 11 9 0 288 718 1725
37 0 0 3 24 10 10 0 2 7 13 2984 75 0 275 24 10 10 0 187 499 1012 37 0 0 3 21 12 10 0 2 5 13 6507 157 0 620 21 12 10 0 403 883 2114
37 1 0 3 29 8 9 0 3 7 13 2984 85 0 278 29 8 9 0 244 561 1012 37 1 0 3 26 9 9 0 3 6 13 6507 178 0 628 26 9 9 0 504 1085 2114
30 0 0 3 29 8 8 0 2 7 12 2316 77 0 250 29 8 8 0 224 561 901 34 0 0 3 26 9 9 0 2 6 11 6507 156 0 577 26 9 9 0 395 923 1809
124 2 0 9 25 9 10 0 3 9 25 9508 163 0 754 25 9 10 0 244 718 1974 116 2 0 9 25 9 10 0 2 9 30 17800 352 0 1620 25 9 10 0 403 1637 4291
124 2 0 9 25 9 10 0 2 8 25 9508 157 0 753 25 9 10 0 172 658 1974 116 2 0 9 25 10 10 0 2 8 30 17800 338 0 1616 25 10 10 0 389 1132 4291
124 2 0 9 29 8 8 0 3 9 26 9508 170 0 756 29 8 8 0 250 726 2005 116 2 0 9 29 8 8 0 3 9 26 17800 361 0 1602 29 8 8 0 521 1529 4274
124 2 0 9 30 8 8 0 3 10 26 9508 169 0 757 30 8 8 0 245 748 2005 116 2 0 9 30 8 8 0 3 10 26 17800 363 0 1608 30 8 8 0 516 1723 4274
