71 2 0 9 21 12 6 0 1 18 43 40477 843 0 4002 21 12 6 0 32 3563 18062 54 2 0 8 21 12 6 0 1 21 44 7761 320 0 1273 21 12 6 0 32 3088 6502
71 1 0 8 21 12 6 0 1 13 40 40477 723 0 3773 21 12 6 0 45 2658 18021 54 1 0 7 21 12 6 0 0 12 35 7761 256 0 1116 21 12 6 0 3 1909 4922
71 1 0 8 21 12 6 0 1 13 42 40477 724 0 3796 21 12 6 0 45 2632 18051 54 1 0 7 21 12 6 0 0 12 35 7761 256 0 1122 21 12 6 0 3 1913 4935
71 1 0 7 20 13 7 0 1 7 31 40477 606 0 3551 20 13 7 0 32 1507 9397 54 1 0 6 20 13 6 0 0 8 26 7761 212 0 1017 20 13 6 0 0 986 3711
71 1 0 8 20 13 6 0 1 7 43 40477 767 0 4077 20 13 6 0 32 1492 19970 54 1 0 7 20 13 6 0 0 9 36 7761 248 0 1161 20 13 6 0 0 1232 5287
58 2 0 9 22 11 7 0 1 12 43 23113 876 0 4051 22 11 7 0 45 2041 20129 53 1 0 8 22 12 6 0 1 12 36 7766 273 0 1175 22 12 6 0 32 1874 5269
69 2 0 9 22 12 7 0 1 13 45 37531 1020 0 4554 22 12 7 0 32 2685 20449 53 2 0 8 22 12 7 0 1 13 39 7766 319 0 1254 22 12 7 0 32 2167 5587
69 2 0 9 22 12 7 0 1 12 45 37531 1018 0 4575 22 12 7 0 32 2166 20895 53 2 0 8 22 12 7 0 1 13 40 7766 320 0 1277 22 12 7 0 32 2165 5820
69 2 0 10 22 12 7 0 1 12 47 37531 1091 0 4756 22 12 7 0 32 2180 21134 53 2 0 9 22 12 7 0 1 13 42 7766 342 0 1339 22 12 7 0 32 2194 6254
69 2 0 9 21 12 6 0 1 11 45 37531 946 0 4442 21 12 6 0 32 1992 20449 53 2 0 8 21 12 6 0 1 11 39 7766 296 0 1229 21 12 6 0 32 1662 5587
69 2 0 8 21 12 6 0 1 11 42 37531 873 0 4224 21 12 6 0 32 1992 20010 53 1 0 7 21 12 6 0 1 11 38 7608 272 0 1137 21 12 6 0 32 1673 5461
53 1 0 8 20 13 6 0 0 7 41 21908 728 0 3650 20 13 6 0 0 1493 19940 46 1 0 7 20 13 6 0 0 9 35 6725 227 0 1031 20 13 6 0 0 1363 5095
54 1 0 8 21 12 6 0 0 11 42 22043 801 0 3837 21 12 6 0 0 1905 20010 47 1 0 7 21 12 6 0 0 11 35 6816 248 0 1076 21 12 6 0 0 1632 5093
54 1 0 7 20 13 6 0 0 11 39 22043 728 0 3571 20 13 6 0 0 1905 19724 47 1 0 6 20 13 6 0 0 11 35 6816 226 0 997 20 13 6 0 0 1632 4804
54 1 0 7 19 14 6 0 0 7 37 22043 655 0 3393 19 14 6 0 0 1420 19045 47 1 0 6 19 14 6 0 0 8 33 6816 204 0 953 19 14 6 0 0 1027 4618
54 1 0 7 19 14 5 0 0 1 39 22043 584 0 3267 19 14 5 0 0 32 19722 47 1 0 6 19 14 5 0 0 1 34 6816 182 0 931 19 14 5 0 0 32 4801
54 1 0 7 20 13 6 0 0 1 39 22043 583 0 3262 20 13 6 0 0 32 19722 47 1 0 6 20 13 6 0 0 1 34 6816 182 0 925 20 13 6 0 0 32 4801
51 1 0 6 18 15 5 0 0 1 32 21761 509 0 2977 18 15 5 0 0 32 15195 47 1 0 5 18 15 5 0 0 1 29 6811 159 0 832 18 15 5 0 0 32 4002
52 1 0 7 19 14 5 0 0 2 41 21870 655 0 3511 19 14 5 0 0 231 19830 47 1 0 6 19 14 5 0 0 5 34 6830 204 0 990 19 14 5 0 0 585 4944
52 1 0 8 20 13 6 0 0 7 41 21870 727 0 3683 20 13 6 0 0 1428 19970 47 1 0 7 20 13 6 0 0 9 37 6830 227 0 1036 20 13 6 0 0 1354 5329
52 1 0 7 20 13 6 0 0 7 38 21870 727 0 3631 20 13 6 0 0 1517 19151 47 1 0 6 20 13 6 0 0 10 33 6830 227 0 1014 20 13 6 0 0 1464 4729
61 2 0 8 20 13 6 0 0 12 41 23524 874 0 4013 20 13 6 0 3 2507 19972 56 1 0 7 20 13 6 0 0 14 37 8027 273 0 1146 20 13 6 0 3 2106 5329
61 2 0 8 20 13 5 0 0 12 41 23524 874 0 4019 20 13 5 0 3 2080 19972 56 1 0 7 20 13 5 0 0 12 37 8027 273 0 1146 20 13 5 0 3 1936 5329
61 1 0 8 20 13 5 0 0 11 41 23524 801 0 3860 20 13 5 0 0 1986 19868 56 1 0 7 20 13 5 0 0 12 35 8027 250 0 1115 20 13 5 0 0 1774 5052
61 1 0 8 19 14 5 0 0 11 40 23524 801 0 3859 19 14 5 0 0 1986 19867 56 1 0 7 19 14 5 0 0 12 35 8027 250 0 1112 19 14 5 0 0 1774 5047
61 1 0 8 18 15 5 0 0 1 40 23524 727 0 3713 18 15 5 0 0 186 19867 56 1 0 7 18 15 5 0 0 1 35 8027 227 0 1081 18 15 5 0 0 175 5047
52 1 0 6 17 16 4 0 0 1 35 21854 509 0 3043 17 16 4 0 0 32 18647 47 1 0 5 17 16 4 0 0 1 29 6836 159 0 850 17 16 4 0 0 32 4006
52 1 0 6 18 15 5 0 0 1 15 21854 436 0 2874 18 15 5 0 0 32 3263 47 0 0 5 18 15 5 0 0 1 16 6836 137 0 819 18 15 5 0 0 32 2591
50 0 0 5 17 16 5 0 0 1 12 21631 362 0 2591 17 16 5 0 0 32 2108 49 0 0 5 17 16 5 0 0 1 13 7013 115 0 733 17 16 5 0 0 32 1884
50 1 0 6 18 15 6 0 0 1 15 21631 435 0 2833 18 15 6 0 0 32 3263 49 0 0 5 18 15 6 0 0 1 16 7013 138 0 792 18 15 6 0 0 32 2591
50 1 0 7 20 13 7 0 0 1 38 21631 581 0 3267 20 13 7 0 0 67 19630 49 1 0 6 20 13 7 0 0 1 33 7013 183 0 908 20 13 7 0 0 76 4625
50 1 0 7 20 13 7 0 0 1 38 21632 581 0 3303 20 13 7 0 0 32 19638 49 1 0 6 20 13 7 0 0 1 33 7013 182 0 939 20 13 7 0 0 32 4628
60 1 0 7 20 13 7 0 0 1 38 23310 654 0 3519 20 13 7 0 0 67 19638 52 1 0 6 20 13 7 0 0 1 33 7677 205 0 1014 20 13 7 0 0 76 4628
60 2 0 8 21 12 7 0 0 9 44 23310 871 0 4042 21 12 7 0 3 1765 20287 58 1 0 8 21 12 7 0 0 11 38 8110 273 0 1174 21 12 7 0 3 1653 5465
60 2 0 8 22 12 7 0 1 12 44 23310 870 0 4008 22 12 7 0 32 2066 20207 58 1 0 8 22 12 7 0 1 13 37 8110 274 0 1167 22 12 7 0 32 2148 5115
60 1 0 8 20 13 6 0 0 4 38 23310 724 0 3695 20 13 6 0 0 759 19605 58 1 0 7 20 13 6 0 0 3 35 8110 229 0 1090 20 13 6 0 0 374 4997
60 1 0 8 20 13 6 0 0 6 38 23310 725 0 3686 20 13 6 0 0 905 19605 58 1 0 7 20 13 6 0 0 8 35 8110 229 0 1074 20 13 6 0 0 1027 4997
56 1 0 8 19 14 6 0 0 8 42 23012 797 0 3865 19 14 6 0 0 1674 19972 58 1 0 7 19 14 6 0 0 11 37 8110 251 0 1125 19 14 6 0 0 1650 5110
55 1 0 7 19 14 6 0 0 1 38 22156 649 0 3437 19 14 6 0 0 74 19583 48 1 0 6 19 14 6 0 0 1 34 6930 201 0 957 19 14 6 0 0 80 4704
55 1 0 8 18 15 5 0 0 1 42 22156 655 0 3546 18 15 5 0 0 35 19971 48 1 0 7 18 15 5 0 0 1 35 6930 205 0 1025 18 15 5 0 0 35 5103
55 1 0 8 18 15 4 0 0 1 41 22156 656 0 3546 18 15 4 0 0 35 19961 48 1 0 7 18 15 4 0 0 1 36 6930 205 0 1026 18 15 4 0 0 35 5171
64 2 0 9 19 14 4 0 0 11 46 23930 874 0 4096 19 14 4 0 0 1909 20989 63 1 0 8 19 14 4 0 0 11 39 8982 273 0 1217 19 14 4 0 0 1628 5834
64 1 0 8 18 15 4 0 0 6 43 23930 729 0 3730 18 15 4 0 0 908 20204 63 1 0 7 18 15 4 0 0 8 37 8982 227 0 1101 18 15 4 0 0 1026 5359
64 1 0 8 17 16 3 0 0 1 41 23930 661 0 3566 17 16 3 0 0 142 19959 63 1 0 7 17 16 3 0 0 1 36 8982 209 0 1065 17 16 3 0 0 141 5172
64 1 0 7 17 16 3 0 0 1 37 23930 583 0 3304 17 16 3 0 0 32 18998 63 1 0 6 17 16 3 0 0 1 33 8982 182 0 962 17 16 3 0 0 32 4628
64 1 0 8 18 15 5 0 0 6 43 23930 729 0 3731 18 15 5 0 0 908 20203 63 1 0 7 18 15 5 0 0 8 37 8982 227 0 1107 18 15 5 0 0 1007 5391
52 1 0 7 18 15 5 0 0 8 40 21846 656 0 3434 18 15 5 0 0 1521 19470 47 1 0 6 18 15 5 0 0 8 34 6807 205 0 967 18 15 5 0 0 1023 4905
52 1 0 7 19 14 5 0 0 2 40 21846 656 0 3465 19 14 5 0 0 260 19470 47 1 0 6 19 14 5 0 0 1 34 6829 205 0 994 19 14 5 0 0 137 4905
52 1 0 7 19 14 6 0 0 2 41 21846 656 0 3509 19 14 6 0 0 190 19866 47 1 0 7 19 14 6 0 0 1 35 6829 205 0 1021 19 14 6 0 0 103 4939
52 1 0 8 19 14 6 0 0 8 40 21846 727 0 3652 19 14 6 0 0 1603 19866 47 1 0 7 19 14 6 0 0 8 35 6829 227 0 1050 19 14 6 0 0 1029 4939
51 1 0 6 19 14 6 0 0 1 29 21781 508 0 3012 19 14 6 0 0 32 17754 47 1 0 5 19 14 6 0 0 1 28 6829 160 0 844 19 14 6 0 0 32 3898
59 1 0 7 19 14 6 0 0 1 29 23281 509 0 3159 19 14 6 0 0 32 17792 53 1 0 6 19 14 6 0 0 1 28 7925 160 0 945 19 14 6 0 0 32 3912
59 1 0 7 19 14 6 0 0 1 38 23281 582 0 3307 19 14 6 0 0 32 19098 53 1 0 6 19 14 6 0 0 1 33 7925 182 0 955 19 14 6 0 0 32 4617
59 1 0 8 21 12 7 0 0 3 39 23281 727 0 3718 21 12 7 0 0 451 19704 53 1 0 7 21 12 7 0 0 5 35 7925 227 0 1087 21 12 7 0 0 585 5027
59 1 0 8 21 12 7 0 0 3 41 23281 728 0 3747 21 12 7 0 0 451 19884 53 1 0 7 21 12 7 0 0 5 35 7925 228 0 1101 21 12 7 0 0 585 5064
59 2 0 9 21 12 7 0 1 10 44 23281 874 0 4066 21 12 7 0 32 1801 20248 53 1 0 8 21 12 7 0 1 11 36 7925 273 0 1175 21 12 7 0 32 1685 5155
57 1 0 8 21 12 6 0 0 6 39 22929 728 0 3694 21 12 6 0 0 906 19654 51 1 0 7 21 12 6 0 0 8 35 7563 227 0 1046 21 12 6 0 0 1026 5027
57 2 0 9 21 12 6 0 0 8 44 22953 873 0 4065 21 12 6 0 3 1567 20354 51 1 0 7 21 12 6 0 0 9 38 7596 272 0 1168 21 12 6 0 3 1393 5467
57 1 0 8 20 13 5 0 0 7 44 22953 800 0 3878 20 13 5 0 0 1427 20351 51 1 0 7 20 13 5 0 0 9 38 7596 249 0 1100 20 13 5 0 0 1349 5466
57 1 0 8 19 14 4 0 0 7 40 22953 800 0 3848 19 14 4 0 0 1476 19363 51 1 0 7 19 14 4 0 0 9 35 7596 249 0 1086 19 14 4 0 0 1386 4818
57 1 0 8 19 14 5 0 0 7 41 22953 801 0 3858 19 14 5 0 0 1456 19891 51 1 0 7 19 14 5 0 0 9 35 7596 249 0 1097 19 14 5 0 0 1370 5069
57 2 0 9 19 13 5 0 1 13 43 22953 948 0 4150 19 13 5 0 47 2634 20228 51 2 0 8 20 13 5 0 0 13 37 7596 294 0 1171 20 13 5 0 3 2116 5391
51 1 0 7 19 13 5 0 1 7 40 21734 730 0 3619 19 13 5 0 32 1458 19307 47 1 0 6 20 13 5 0 0 9 33 6830 227 0 1008 20 13 5 0 0 1373 4628
50 1 0 7 19 13 6 0 1 7 39 21672 658 0 3401 19 13 6 0 32 1432 19194 47 1 0 6 20 13 6 0 0 8 33 6830 205 0 938 20 13 6 0 0 1029 4607
51 1 0 7 19 13 6 0 1 2 39 21737 585 0 3293 19 13 6 0 32 92 19205 47 1 0 6 20 13 5 0 0 1 33 6835 182 0 937 20 13 5 0 0 32 4615
51 1 0 7 19 13 6 0 1 2 39 21737 585 0 3301 19 13 6 0 32 92 19209 47 1 0 6 20 13 6 0 0 1 33 6835 183 0 949 20 13 6 0 0 32 4615
51 1 0 6 20 13 6 0 0 1 28 21737 511 0 3005 20 13 6 0 0 32 15160 47 1 0 5 20 13 6 0 0 1 29 6835 161 0 860 20 13 6 0 0 32 3996
52 1 0 7 20 13 6 0 0 1 41 21832 584 0 3297 20 13 6 0 0 32 19868 47 1 0 6 20 13 6 0 0 1 35 6835 182 0 965 20 13 6 0 0 32 5014
52 1 0 7 19 14 5 0 0 1 41 21832 585 0 3302 19 14 5 0 0 32 19868 47 1 0 6 19 14 5 0 0 1 35 6835 183 0 961 19 14 5 0 0 32 5014
52 1 0 8 21 12 5 0 0 8 41 21832 730 0 3628 21 12 5 0 0 1540 19868 46 1 0 7 21 12 5 0 0 9 35 6734 227 0 1019 21 12 5 0 0 1366 5014
52 1 0 8 21 12 6 0 0 7 41 21832 729 0 3644 21 12 6 0 0 1424 19877 46 1 0 7 21 12 6 0 0 9 35 6734 226 0 1027 21 12 6 0 0 1345 5045
62 1 0 8 21 12 6 0 0 8 46 28925 801 0 3950 21 12 6 0 0 1541 20484 54 1 0 7 21 12 6 0 0 9 37 7982 249 0 1112 21 12 6 0 0 1363 5371
62 1 0 8 22 12 7 0 0 8 46 28925 802 0 3939 22 12 7 0 3 1541 20484 54 1 0 7 22 12 7 0 0 9 37 7982 249 0 1105 22 12 7 0 3 1363 5371
62 2 0 9 22 12 7 0 1 11 45 28925 874 0 4087 22 12 7 0 32 1991 20489 54 1 0 7 22 12 7 0 1 12 37 7982 271 0 1139 22 12 7 0 32 1769 5372
62 1 0 8 21 12 7 0 0 7 44 28925 801 0 3918 21 12 7 0 0 1443 20258 54 1 0 7 21 12 7 0 0 9 37 7982 249 0 1097 21 12 7 0 0 1363 5370
62 1 0 8 21 12 7 0 0 7 44 28925 802 0 3943 21 12 7 0 3 1406 20264 54 1 0 7 21 12 7 0 0 9 37 7982 249 0 1120 21 12 7 0 3 1243 5505
54 1 0 8 22 12 6 0 0 6 41 22052 729 0 3665 22 12 6 0 0 996 19840 48 1 0 7 22 12 6 0 0 8 35 6892 226 0 1033 22 12 6 0 0 1116 4908
54 1 0 7 20 13 6 0 0 6 40 22052 655 0 3442 20 13 6 0 0 942 19427 48 1 0 6 20 13 6 0 0 7 34 6892 204 0 959 20 13 6 0 0 1116 4699
54 1 0 7 21 13 6 0 0 1 40 22052 655 0 3510 21 13 6 0 0 35 19840 50 1 0 7 21 13 6 0 0 1 35 7026 205 0 1018 21 13 6 0 0 35 4908
76 1 0 8 19 14 6 0 0 1 44 38279 728 0 4000 19 14 6 0 0 170 20261 69 1 0 7 19 14 6 0 0 1 38 9743 229 0 1142 19 14 6 0 0 153 5592
76 1 0 9 19 14 6 0 0 7 44 38279 799 0 4164 19 14 6 0 0 1428 20303 69 1 0 8 19 14 6 0 0 9 38 9743 251 0 1191 19 14 6 0 0 1225 5590
76 2 0 10 19 14 5 0 0 12 45 38279 1018 0 4665 19 14 5 0 0 2503 20864 69 2 0 9 19 14 5 0 0 13 42 9743 319 0 1360 19 14 5 0 0 2009 5852
76 2 0 10 19 14 5 0 0 12 45 38279 1017 0 4656 19 14 5 0 0 2503 20864 69 2 0 9 19 14 5 0 0 13 42 9743 319 0 1352 19 14 5 0 0 2105 5852
76 2 0 10 19 14 5 0 1 13 45 38279 1016 0 4585 19 14 5 0 32 2639 20383 69 2 0 9 19 14 5 0 1 14 39 9743 319 0 1305 19 14 5 0 32 2117 5716
62 2 0 10 20 13 5 0 1 31 45 23617 1163 0 4620 20 13 5 0 32 18159 20392 56 2 0 9 20 13 5 0 1 26 39 8142 362 0 1332 20 13 5 0 32 3676 5716
62 2 0 9 21 12 6 0 1 20 45 23617 1091 0 4465 21 12 6 0 32 4329 20397 55 2 0 8 21 12 6 0 1 22 39 7811 341 0 1278 21 12 6 0 32 3254 5800
51 1 0 8 21 12 6 0 0 10 41 21772 800 0 3816 21 12 6 0 0 1772 19970 47 1 0 7 21 12 6 0 0 10 36 6833 250 0 1072 21 12 6 0 0 1522 5229
53 2 0 9 24 11 7 0 1 20 45 21911 1090 0 4444 24 11 7 0 32 4329 20397 52 2 0 8 24 11 7 0 1 22 39 7391 341 0 1265 24 11 7 0 32 3254 5684
53 2 0 9 23 11 7 0 1 16 44 21911 1018 0 4317 23 11 7 0 32 3142 20323 52 2 0 8 23 11 7 0 1 17 37 7391 318 0 1229 23 11 7 0 32 2709 5383
54 2 0 9 23 11 6 0 1 14 44 22068 945 0 4137 23 11 6 0 32 2748 20321 52 2 0 8 23 11 6 0 1 13 37 7391 295 0 1185 23 11 6 0 32 2146 5381
54 2 0 8 22 12 7 0 1 11 41 22068 872 0 3945 22 12 7 0 32 2024 19973 52 1 0 7 22 12 7 0 1 12 36 7391 272 0 1119 22 12 7 0 32 1786 5229
54 2 0 8 21 12 6 0 1 14 40 22068 945 0 4071 21 12 6 0 32 2748 19787 52 2 0 7 21 12 6 0 1 14 36 7391 295 0 1148 21 12 6 0 32 2146 5153
54 1 0 7 18 15 4 0 0 7 40 22068 727 0 3599 18 15 4 0 0 1449 19305 47 1 0 7 18 15 4 0 0 9 34 6825 227 0 1018 18 15 4 0 0 1370 4724
54 1 0 8 19 14 5 0 0 10 42 22068 800 0 3791 19 14 5 0 0 1892 20026 47 1 0 7 19 14 5 0 0 12 35 6825 250 0 1067 19 14 5 0 0 1776 4955
53 1 0 7 18 15 4 0 0 7 42 21910 727 0 3638 18 15 4 0 0 1442 20021 47 1 0 7 18 15 4 0 0 9 35 6806 228 0 1018 18 15 4 0 0 1364 4793
53 1 0 8 19 14 5 0 0 12 42 21910 799 0 3823 19 14 5 0 0 2025 20021 47 1 0 7 19 14 5 0 0 12 35 6806 249 0 1073 19 14 5 0 0 1903 4826
53 1 0 8 19 14 5 0 0 6 42 21910 727 0 3655 19 14 5 0 0 957 20021 47 1 0 7 19 14 5 0 0 8 35 6806 227 0 1032 19 14 5 0 0 1137 4826
50 1 0 7 19 14 5 0 0 6 41 21622 654 0 3426 19 14 5 0 0 952 19886 47 1 0 6 19 14 5 0 0 7 34 6802 204 0 949 19 14 5 0 0 1128 4786
51 1 0 7 19 14 5 0 0 1 41 21756 653 0 3464 19 14 5 0 0 136 19886 47 1 0 6 19 14 5 0 0 1 34 6805 203 0 983 19 14 5 0 0 142 4826
51 1 0 7 18 15 5 0 0 1 39 21756 582 0 3270 18 15 5 0 0 35 19245 47 1 0 6 18 15 5 0 0 1 34 6805 181 0 917 18 15 5 0 0 35 4705
51 1 0 6 19 14 6 0 0 1 29 21756 509 0 3023 19 14 6 0 0 32 17814 47 1 0 5 19 14 6 0 0 1 28 6805 159 0 838 19 14 6 0 0 32 3918
51 1 0 6 19 14 6 0 0 1 38 21756 509 0 3080 19 14 6 0 0 32 19133 47 1 0 5 19 14 6 0 0 1 33 6805 159 0 859 19 14 6 0 0 32 4705
51 1 0 7 20 13 6 0 0 5 39 21762 654 0 3490 20 13 6 0 0 783 19254 47 1 0 6 20 13 6 0 0 8 34 6805 205 0 987 20 13 6 0 0 1005 4856
51 1 0 6 18 15 5 0 0 1 38 21762 582 0 3234 18 15 5 0 0 74 19134 47 1 0 6 18 15 5 0 0 1 33 6800 182 0 899 18 15 5 0 0 80 4705
52 1 0 7 19 14 5 0 0 1 38 21855 581 0 3280 19 14 5 0 0 32 19135 48 1 0 6 19 14 5 0 0 1 33 6909 182 0 933 19 14 5 0 0 32 4807
52 1 0 8 19 14 6 0 0 7 43 21855 728 0 3682 19 14 6 0 0 1424 20163 48 1 0 7 19 14 6 0 0 9 36 6909 227 0 1044 19 14 6 0 0 1349 5252
59 2 0 9 19 14 5 0 0 13 45 22652 947 0 4232 19 14 5 0 0 2627 20464 52 2 0 8 19 14 5 0 0 13 39 7678 295 0 1233 19 14 5 0 0 2014 5581
59 2 0 9 19 14 5 0 0 11 43 22652 876 0 4048 19 14 5 0 0 1943 20167 52 1 0 8 19 14 5 0 0 12 36 7678 272 0 1164 19 14 5 0 0 1900 5252
59 2 0 9 20 13 5 0 0 11 43 22652 876 0 4055 20 13 5 0 0 1916 20167 52 1 0 8 20 13 5 0 0 12 36 7678 271 0 1165 20 13 5 0 0 1777 5252
59 2 0 9 20 13 5 0 0 11 45 22652 875 0 4065 20 13 5 0 0 1916 20453 52 1 0 8 20 13 5 0 0 12 37 7678 271 0 1169 20 13 5 0 0 1777 5376
59 1 0 8 19 14 5 0 0 6 43 22652 729 0 3729 19 14 5 0 0 910 20150 52 1 0 7 19 14 5 0 0 8 35 7678 227 0 1082 19 14 5 0 0 1010 4965
