1 32 1 32
0 0 0 0
0 0 0 0
0 0 0 0
0 0 0 0
0 0 0 0
0 0 0 0
0 0 0 0
0 0 0 0
0 0 0 0
0 0 0 0
0 0 0 0
0 0 0 0
0 0 0 0
0 0 0 0
0 0 0 0
0 0 0 0
0 0 0 0
0 0 0 0
0 0 0 0
1 32 1 32
0 0 0 0
0 0 0 0
0 0 0 0
0 0 0 0
0 0 0 0
0 0 0 0
0 0 0 0
0 0 0 0
0 0 0 0
0 0 0 0
0 0 0 0
0 0 0 0
0 0 0 0
0 0 0 0
0 0 0 0
0 0 0 0
0 0 0 0
0 0 0 0
0 0 0 0
1 32 1 32
0 0 0 0
0 0 0 0
0 0 0 0
0 0 0 0
0 0 0 0
0 0 0 0
0 0 0 0
0 0 0 0
0 0 0 0
0 0 0 0
0 0 0 0
0 0 0 0
0 0 0 0
0 0 0 0
0 0 0 0
0 0 0 0
0 0 0 0
10 1760 10 1494
456 47189 1110 1297769
722 69260 1440 1694880
747 71715 1464 1723128
721 69289 1416 1666632
722 69443 1424 1676048
745 71601 1470 1730190
653 62988 1392 1638384
730 70237 1440 1694880
747 71883 1472 1732544
747 71907 1472 1732544
684 65807 1465 1724305
722 69438 1415 1665455
754 72561 1488 1751376
731 70334 1440 1694880
689 66583 1456 1713712
741 71478 1471 1731367
745 71938 1471 1731367
755 72885 1473 1733721
745 71988 1472 1732544
765 73897 1504 1770208
667 64588 1314 1539744
0 0 0 0
0 0 0 0
0 0 0 0
0 0 0 0
0 0 0 0
0 0 0 0
0 0 0 0
0 0 0 0
0 0 0 0
0 0 0 0
0 0 0 0
0 0 0 0
0 0 0 0
0 0 0 0
0 0 0 0
0 0 0 0
0 0 0 0
0 0 0 0
0 0 0 0
1 32 1 32
14 2783 14 2203
514 50138 1298 1522881
712 68815 1424 1676048
729 70179 1440 1694880
692 66803 1471 1731367
741 71312 1471 1731367
751 72099 1472 1732544
762 73103 1504 1770208
754 72241 1488 1751376
772 74035 1520 1789040
746 71574 1472 1732544
689 66351 1472 1731460
730 70101 1440 1694880
688 66446 1456 1713712
737 70736 1455 1712535
730 70020 1440 1694880
595 57321 1172 1371456
0 0 0 0
0 0 0 0
0 0 0 0
0 0 0 0
0 0 0 0
0 0 0 0
0 0 0 0
0 0 0 0
0 0 0 0
0 0 0 0
0 0 0 0
0 0 0 0
0 0 0 0
0 0 0 0
0 0 0 0
0 0 0 0
0 0 0 0
0 0 0 0
0 0 0 0
1 32 1 32
0 0 0 0
0 0 0 0
0 0 0 0
224 23208 656 753128
658 64301 1520 1789040
714 68595 1440 1694880
693 66882 1472 1732544
643 61968 1503 1769031
649 62512 1471 1731367
228 22188 681 793157
0 0 0 0
0 0 0 0
0 0 0 0
0 0 0 0
0 0 0 0
0 0 0 0
0 0 0 0
0 0 0 0
0 0 0 0
0 0 0 0
0 0 0 0
0 0 0 0
0 0 0 0
0 0 0 0
0 0 0 0
0 0 0 0
0 0 0 0
0 0 0 0
0 0 0 0
1 32 1 32
268 27349 559 638964
654 63713 1440 1694880
719 69335 1456 1713712
598 57881 1440 1694880
550 53220 1436 1690172
755 72630 1488 1751376
570 54914 1472 1732544
692 66461 1407 1656039
697 66825 1408 1657216
692 66404 1472 1732544
505 48874 1472 1732544
680 65299 1456 1713712
754 72399 1488 1751376
728 70150 1462 1720774
507 49023 1466 1725482
739 71089 1456 1713712
719 69255 1445 1698630
3 413 7 785
0 0 0 0
0 0 0 0
0 0 0 0
0 0 0 0
0 0 0 0
0 0 0 0
0 0 0 0
0 0 0 0
0 0 0 0
0 0 0 0
0 0 0 0
0 0 0 0
0 0 0 0
0 0 0 0
0 0 0 0
0 0 0 0
0 0 0 0
0 0 0 0
0 0 0 0
1 32 1 32
0 0 0 0
0 0 0 0
0 0 0 0
0 0 0 0
0 0 0 0
0 0 0 0
0 0 0 0
0 0 0 0
0 0 0 0
0 0 0 0
0 0 0 0
0 0 0 0
0 0 0 0
0 0 0 0
0 0 0 0
0 0 0 0
0 0 0 0
0 0 0 0
0 0 0 0
1 32 1 32
0 0 0 0
0 0 0 0
0 0 0 0
0 0 0 0
0 0 0 0
0 0 0 0
0 0 0 0
0 0 0 0
0 0 0 0
0 0 0 0
0 0 0 0
0 0 0 0
0 0 0 0
0 0 0 0
0 0 0 0
0 0 0 0
0 0 0 0
0 0 0 0
0 0 0 0
1 32 1 32
0 0 0 0
0 0 0 0
0 0 0 0
0 0 0 0
0 0 0 0
0 0 0 0
0 0 0 0
0 0 0 0
0 0 0 0
0 0 0 0
0 0 0 0
0 0 0 0
0 0 0 0
0 0 0 0
0 0 0 0
0 0 0 0
0 0 0 0
0 0 0 0
0 0 0 0
1 32 1 32
0 0 0 0
0 0 0 0
0 0 0 0
0 0 0 0
0 0 0 0
0 0 0 0
0 0 0 0
61 7477 128 131676
648 63366 1424 1676048
730 70508 1439 1693703
744 71837 1472 1732544
539 52531 1488 1751376
591 57135 1420 1671340
575 55628 1472 1732544
702 67845 1472 1732544
509 49307 1424 1676048
715 69078 1472 1732544
513 49749 1039 1216532
0 0 0 0
0 0 0 0
0 0 0 0
0 0 0 0
0 0 0 0
0 0 0 0
0 0 0 0
0 0 0 0
0 0 0 0
0 0 0 0
0 0 0 0
0 0 0 0
0 0 0 0
0 0 0 0
0 0 0 0
0 0 0 0
0 0 0 0
0 0 0 0
0 0 0 0
1 32 1 32
0 0 0 0
0 0 0 0
0 0 0 0
0 0 0 0
0 0 0 0
0 0 0 0
0 0 0 0
0 0 0 0
0 0 0 0
0 0 0 0
0 0 0 0
0 0 0 0
0 0 0 0
0 0 0 0
0 0 0 0
0 0 0 0
0 0 0 0
0 0 0 0
0 0 0 0
1 32 1 32
0 0 0 0
0 0 0 0
0 0 0 0
0 0 0 0
0 0 0 0
0 0 0 0
0 0 0 0
0 0 0 0
0 0 0 0
0 0 0 0
0 0 0 0
0 0 0 0
0 0 0 0
0 0 0 0
0 0 0 0
0 0 0 0
0 0 0 0
0 0 0 0
0 0 0 0
1 32 1 32
0 0 0 0
0 0 0 0
98 11034 238 261147
701 67745 1471 1731367
661 64342 1424 1676048
675 65137 1423 1674871
659 63518 1360 1600720
704 68000 1432 1685464
735 70984 1472 1732544
272 26552 1440 1694880
628 60687 1520 1789040
722 69729 1423 1674871
676 65613 1472 1732544
666 64218 1488 1751376
574 55476 1488 1751376
618 59833 1440 1694880
419 40598 830 967950
0 0 0 0
0 0 0 0
0 0 0 0
0 0 0 0
0 0 0 0
0 0 0 0
0 0 0 0
0 0 0 0
0 0 0 0
0 0 0 0
0 0 0 0
0 0 0 0
0 0 0 0
0 0 0 0
0 0 0 0
0 0 0 0
0 0 0 0
0 0 0 0
0 0 0 0
1 32 1 32
0 0 0 0
0 0 0 0
0 0 0 0
0 0 0 0
0 0 0 0
0 0 0 0
0 0 0 0
0 0 0 0
0 0 0 0
0 0 0 0
0 0 0 0
0 0 0 0
0 0 0 0
0 0 0 0
0 0 0 0
0 0 0 0
0 0 0 0
0 0 0 0
0 0 0 0
1 32 1 32
0 0 0 0
0 0 0 0
0 0 0 0
0 0 0 0
0 0 0 0
0 0 0 0
0 0 0 0
0 0 0 0
0 0 0 0
0 0 0 0
0 0 0 0
0 0 0 0
0 0 0 0
0 0 0 0
0 0 0 0
0 0 0 0
0 0 0 0
0 0 0 0
0 0 0 0
1 32 1 32
0 0 0 0
0 0 0 0
0 0 0 0
0 0 0 0
0 0 0 0
0 0 0 0
0 0 0 0
0 0 0 0
0 0 0 0
0 0 0 0
0 0 0 0
0 0 0 0
0 0 0 0
0 0 0 0
0 0 0 0
0 0 0 0
0 0 0 0
0 0 0 0
0 0 0 0
1 32 1 32
0 0 0 0
0 0 0 0
0 0 0 0
0 0 0 0
0 0 0 0
0 0 0 0
0 0 0 0
0 0 0 0
41 5505 96 94013
633 61637 1456 1713712
761 73031 1488 1751376
747 71675 1472 1732544
621 60067 1403 1651331
738 70824 1456 1713712
684 65616 1422 1673694
753 72313 1454 1711358
742 71428 1457 1714889
755 72659 1487 1750199
738 71038 1456 1713712
722 69493 1424 1676048
700 67276 1392 1638384
638 61691 1424 1676048
731 70163 1440 1694880
747 71668 1472 1732544
730 70050 1440 1694880
730 70060 1439 1693703
738 70878 1456 1713712
731 70459 1446 1701942
28 2885 49 51237
0 0 0 0
0 0 0 0
0 0 0 0
0 0 0 0
0 0 0 0
0 0 0 0
0 0 0 0
0 0 0 0
0 0 0 0
0 0 0 0
0 0 0 0
0 0 0 0
0 0 0 0
0 0 0 0
0 0 0 0
0 0 0 0
0 0 0 0
0 0 0 0
0 0 0 0
1 32 1 32
0 0 0 0
0 0 0 0
0 0 0 0
0 0 0 0
0 0 0 0
0 0 0 0
0 0 0 0
0 0 0 0
0 0 0 0
0 0 0 0
0 0 0 0
0 0 0 0
0 0 0 0
0 0 0 0
0 0 0 0
0 0 0 0
0 0 0 0
0 0 0 0
0 0 0 0
1 32 1 32
0 0 0 0
0 0 0 0
11 1908 12 1745
0 0 0 0
0 0 0 0
17 3462 9 1575
0 0 0 0
0 0 0 0
0 0 0 0
0 0 0 0
0 0 0 0
0 0 0 0
0 0 0 0
3 405 6 670
4 544 8 894
0 0 0 0
0 0 0 0
0 0 0 0
0 0 0 0
0 0 0 0
0 0 0 0
0 0 0 0
0 0 0 0
0 0 0 0
0 0 0 0
0 0 0 0
0 0 0 0
0 0 0 0
1 231 2 224
0 0 0 0
0 0 0 0
2 270 4 448
3 709 4 410
0 0 0 0
1 135 2 223
2 268 3 353
3 405 7 764
0 0 0 0
0 0 0 0
0 0 0 0
0 0 0 0
2 270 4 447
3 403 6 672
5 673 10 1117
5 673 10 1120
2 268 4 449
3 533 4 409
0 0 0 0
0 0 0 0
2 294 4 465
9 1213 13 1625
11 1481 16 1997
3 429 6 680
2 366 3 317
0 0 0 0
3 403 6 669
2 266 4 444
1 143 2 223
1 135 2 223
0 0 0 0
3 555 4 410
0 0 0 0
1 151 2 231
1 133 2 224
4 538 8 892
2 286 4 446
0 0 0 0
2 366 3 316
0 0 0 0
0 0 0 0
0 0 0 0
0 0 0 0
1 135 2 224
5 681 10 1114
2 414 4 447
5 961 8 856
0 0 0 0
3 405 6 673
3 407 6 670
0 0 0 0
2 286 4 448
3 409 5 579
0 0 1 93
0 0 0 0
2 266 4 447
1 143 2 224
1 135 2 225
3 411 6 671
2 270 4 446
4 562 8 896
1 133 2 224
3 411 6 673
2 396 3 318
0 0 0 0
0 0 0 0
0 0 0 0
0 0 0 0
0 0 0 0
0 0 0 0
0 0 0 0
0 0 0 0
0 0 0 0
0 0 0 0
0 0 0 0
0 0 0 0
0 0 0 0
0 0 0 0
0 0 0 0
0 0 0 0
0 0 0 0
0 0 0 0
0 0 0 0
1 32 1 32
0 0 0 0
0 0 0 0
4 534 8 896
4 536 8 894
0 0 0 0
0 0 0 0
0 0 0 0
0 0 0 0
0 0 0 0
0 0 0 0
0 0 0 0
0 0 0 0
0 0 0 0
0 0 0 0
0 0 0 0
0 0 0 0
0 0 0 0
0 0 0 0
0 0 0 0
0 0 0 0
0 0 0 0
0 0 0 0
0 0 0 0
2 175 3 256
9 1269 15 1733
4 534 8 894
3 401 6 670
4 534 8 890
3 403 6 666
5 667 10 1113
0 0 0 0
0 0 0 0
0 0 0 0
0 0 0 0
0 0 0 0
0 0 0 0
0 0 0 0
0 0 0 0
0 0 0 0
0 0 0 0
0 0 0 0
0 0 0 0
0 0 0 0
0 0 0 0
0 0 0 0
0 0 0 0
0 0 0 0
0 0 0 0
0 0 0 0
1 32 1 32
2 396 3 316
0 0 0 0
0 0 0 0
1 135 1 131
3 405 7 762
3 411 6 672
9 1895 12 1227
0 0 0 0
2 326 3 317
1 159 2 224
0 0 0 0
6 954 12 1342
4 636 8 896
3 453 5 540
5 771 9 988
8 1248 15 1658
4 644 8 895
9 1431 18 2015
1 159 2 224
4 612 7 765
0 0 0 0
2 318 4 448
0 0 0 0
5 979 7 727
0 0 0 0
0 0 0 0
0 0 0 0
0 0 0 0
0 0 0 0
0 0 0 0
0 0 0 0
0 0 0 0
0 0 0 0
0 0 0 0
0 0 0 0
0 0 0 0
0 0 0 0
0 0 0 0
0 0 0 0
0 0 0 0
0 0 0 0
0 0 0 0
0 0 0 0
1 32 1 32
0 0 0 0
0 0 0 0
1 135 2 224
5 763 10 1117
1 135 2 223
6 816 12 1344
6 834 12 1341
8 1204 13 1398
0 0 0 0
2 286 4 455
14 1950 18 2201
14 3078 10 1080
0 0 0 0
0 0 0 0
0 0 0 0
0 0 0 0
0 0 0 0
0 0 0 0
0 0 0 0
0 0 0 0
0 0 0 0
0 0 0 0
0 0 0 0
0 0 0 0
0 0 0 0
0 0 0 0
0 0 0 0
0 0 0 0
0 0 0 0
0 0 0 0
0 0 0 0
1 32 1 32
0 0 0 0
0 0 0 0
0 0 0 0
0 0 0 0
0 0 0 0
0 0 0 0
0 0 0 0
0 0 0 0
0 0 0 0
0 0 0 0
0 0 0 0
0 0 0 0
0 0 0 0
0 0 0 0
2 268 4 446
14 2612 18 1823
0 0 0 0
0 0 0 0
0 0 0 0
0 0 0 0
0 0 0 0
0 0 0 0
0 0 0 0
0 0 0 0
0 0 0 0
0 0 0 0
0 0 0 0
0 0 0 0
0 0 0 0
0 0 0 0
0 0 0 0
0 0 0 0
0 0 0 0
0 0 0 0
0 0 0 0
1 32 1 32
0 0 0 0
0 0 0 0
0 0 0 0
0 0 0 0
0 0 0 0
1 135 2 223
4 538 8 892
2 268 4 447
2 1594 3 315
0 0 0 0
0 0 0 0
0 0 0 0
0 0 0 0
0 0 0 0
0 0 0 0
0 0 0 0
0 0 0 0
0 0 0 0
0 0 0 0
0 0 0 0
0 0 0 0
0 0 0 0
0 0 0 0
0 0 0 0
0 0 0 0
0 0 0 0
0 0 0 0
0 0 0 0
1 32 1 32
0 0 0 0
0 0 0 0
0 0 0 0
0 0 0 0
0 0 0 0
0 0 0 0
0 0 0 0
0 0 0 0
1 135 1 131
6 808 13 1433
39 29810 40 3789
0 0 0 0
0 0 0 0
0 0 0 0
0 0 0 0
0 0 0 0
0 0 0 0
0 0 0 0
0 0 0 0
0 0 0 0
0 0 0 0
0 0 0 0
0 0 0 0
0 0 0 0
0 0 0 0
0 0 0 0
0 0 0 0
0 0 0 0
0 0 0 0
0 0 0 0
1 32 1 32
0 0 0 0
8 1208 14 1527
0 0 0 0
0 0 0 0
0 0 0 0
0 0 0 0
0 0 0 0
0 0 0 0
1 135 2 224
1 135 2 223
3 401 6 670
4 1744 5 501
0 0 0 0
0 0 0 0
0 0 0 0
0 0 0 0
0 0 0 0
0 0 0 0
0 0 0 0
0 0 0 0
0 0 0 0
0 0 0 0
0 0 0 0
0 0 0 0
0 0 0 0
0 0 0 0
0 0 0 0
0 0 0 0
0 0 0 0
0 0 0 0
0 0 0 0
1 32 1 32
0 0 0 0
0 0 0 0
0 0 0 0
0 0 0 0
0 0 0 0
0 0 0 0
0 0 0 0
0 0 0 0
0 0 0 0
0 0 0 0
0 0 0 0
0 0 0 0
0 0 0 0
0 0 0 0
4 537 5 589
0 0 0 0
0 0 0 0
5 867 8 856
0 0 0 0
0 0 0 0
0 0 0 0
0 0 0 0
0 0 0 0
0 0 0 0
0 0 0 0
0 0 0 0
0 0 0 0
0 0 0 0
0 0 0 0
0 0 0 0
0 0 0 0
0 0 0 0
0 0 0 0
0 0 0 0
0 0 0 0
0 0 0 0
0 0 0 0
1 32 1 32
0 0 0 0
0 0 0 0
0 0 0 0
0 0 0 0
0 0 0 0
0 0 0 0
0 0 0 0
0 0 0 0
0 0 0 0
2 268 4 446
45 49735 35 3309
4 499 6 672
3 405 6 672
0 0 0 0
0 0 0 0
5 675 9 1027
5 673 11 1213
6 806 12 1343
3 499 5 541
5 883 8 857
0 0 0 0
0 0 0 0
0 0 0 0
0 0 0 0
0 0 0 0
0 0 0 0
0 0 0 0
2 270 4 449
3 405 6 672
0 0 0 0
4 610 7 791
0 0 0 0
0 0 0 0
0 0 0 0
0 0 0 0
0 0 0 0
0 0 0 0
0 0 0 0
0 0 0 0
0 0 0 0
0 0 0 0
0 0 0 0
0 0 0 0
0 0 0 0
0 0 0 0
0 0 0 0
0 0 0 0
0 0 0 0
0 0 0 0
0 0 0 0
1 32 1 32
0 0 0 0
231 23921 479 544807
622 60598 1424 1676048
738 71306 1456 1713712
672 65030 1424 1676048
669 64858 1440 1694880
724 69956 1421 1672517
589 57006 1440 1694880
724 69949 1472 1732544
239 23263 471 547215
0 0 0 0
0 0 0 0
0 0 0 0
0 0 0 0
0 0 0 0
0 0 0 0
0 0 0 0
0 0 0 0
0 0 0 0
0 0 0 0
0 0 0 0
0 0 0 0
0 0 0 0
0 0 0 0
0 0 0 0
0 0 0 0
0 0 0 0
0 0 0 0
0 0 0 0
1 32 1 32
0 0 0 0
0 0 0 0
0 0 0 0
0 0 0 0
0 0 0 0
0 0 0 0
0 0 0 0
0 0 0 0
0 0 0 0
0 0 0 0
0 0 0 0
0 0 0 0
0 0 0 0
0 0 0 0
0 0 0 0
0 0 0 0
0 0 0 0
0 0 0 0
0 0 0 0
1 32 1 32
0 0 0 0
0 0 0 0
0 0 0 0
0 0 0 0
0 0 0 0
0 0 0 0
0 0 0 0
0 0 0 0
0 0 0 0
0 0 0 0
0 0 0 0
0 0 0 0
0 0 0 0
0 0 0 0
0 0 0 0
0 0 0 0
0 0 0 0
0 0 0 0
0 0 0 0
1 32 1 32
0 0 0 0
0 0 0 0
0 0 0 0
0 0 0 0
0 0 0 0
0 0 0 0
0 0 0 0
0 0 0 0
0 0 0 0
0 0 0 0
0 0 0 0
0 0 0 0
0 0 0 0
0 0 0 0
0 0 0 0
0 0 0 0
0 0 0 0
0 0 0 0
0 0 0 0
1 32 1 32
0 0 0 0
0 0 0 0
0 0 0 0
0 0 0 0
0 0 0 0
0 0 0 0
0 0 0 0
0 0 0 0
454 45424 912 1054448
628 61483 1440 1694880
730 70395 1455 1712535
675 65304 1440 1694880
689 66482 1427 1678495
747 72052 1472 1732544
738 71115 1472 1732544
767 73978 1504 1770208
754 72801 1488 1751376
702 67783 1376 1619552
741 71549 1472 1732544
703 67920 1376 1619552
667 64614 1423 1674871
724 70009 1427 1675979
2 192 4 473
0 0 0 0
0 0 0 0
0 0 0 0
0 0 0 0
0 0 0 0
0 0 0 0
0 0 0 0
0 0 0 0
0 0 0 0
0 0 0 0
0 0 0 0
0 0 0 0
0 0 0 0
0 0 0 0
0 0 0 0
0 0 0 0
0 0 0 0
0 0 0 0
0 0 0 0
1 32 1 32
0 0 0 0
0 0 0 0
0 0 0 0
0 0 0 0
0 0 0 0
0 0 0 0
0 0 0 0
0 0 0 0
7 1424 9 1350
526 51606 1046 1221403
571 55890 1281 1507737
729 70121 1440 1694880
618 59714 1424 1676048
672 64643 1392 1638384
638 61380 1312 1544224
689 66310 1366 1607782
636 61255 1434 1687818
655 63020 1359 1599543
616 59584 1456 1713712
617 59474 1456 1713712
367 35499 1439 1693703
710 68357 1424 1676048
689 66465 1472 1732544
679 65375 1360 1600720
526 50770 1360 1600720
654 63145 1456 1713712
746 71943 1456 1713712
627 60707 1503 1769031
145 14276 515 597153
0 0 0 0
0 0 0 0
0 0 0 0
0 0 0 0
0 0 0 0
0 0 0 0
0 0 0 0
0 0 0 0
0 0 0 0
0 0 0 0
0 0 0 0
0 0 0 0
0 0 0 0
0 0 0 0
0 0 0 0
0 0 0 0
0 0 0 0
0 0 0 0
0 0 0 0
1 32 1 32
0 0 0 0
0 0 0 0
0 0 0 0
0 0 0 0
0 0 0 0
201 20973 400 451822
706 68152 1440 1694880
681 66325 1472 1732544
600 58020 1503 1769031
649 62783 1408 1657216
523 50550 1488 1751376
741 71497 1488 1751376
677 65310 1408 1657216
721 69534 1472 1732544
669 64625 1408 1657216
679 65625 1488 1751376
463 45111 1456 1713712
591 57147 1444 1699588
709 68381 1467 1726659
638 61613 1488 1751376
568 54723 1456 1713712
636 61265 1424 1676048
730 70265 1504 1770208
598 57613 1488 1751376
746 71794 1472 1732544
640 61989 1392 1637300
44 4426 86 93438
0 0 0 0
0 0 0 0
0 0 0 0
0 0 0 0
0 0 0 0
0 0 0 0
0 0 0 0
0 0 0 0
0 0 0 0
0 0 0 0
0 0 0 0
0 0 0 0
0 0 0 0
0 0 0 0
0 0 0 0
0 0 0 0
0 0 0 0
0 0 0 0
0 0 0 0
1 32 1 32
0 0 0 0
0 0 0 0
0 0 0 0
0 0 0 0
0 0 0 0
0 0 0 0
0 0 0 0
0 0 0 0
0 0 0 0
0 0 0 0
0 0 0 0
0 0 0 0
0 0 0 0
0 0 0 0
0 0 0 0
0 0 0 0
0 0 0 0
0 0 0 0
0 0 0 0
1 32 1 32
0 0 0 0
0 0 0 0
0 0 0 0
0 0 0 0
0 0 0 0
0 0 0 0
0 0 0 0
0 0 0 0
0 0 0 0
0 0 0 0
0 0 0 0
0 0 0 0
0 0 0 0
0 0 0 0
0 0 0 0
0 0 0 0
0 0 0 0
0 0 0 0
0 0 0 0
1 32 1 32
259 26488 574 656615
394 38786 989 1157044
0 0 0 0
0 0 0 0
0 0 0 0
0 0 0 0
0 0 0 0
0 0 0 0
0 0 0 0
0 0 0 0
0 0 0 0
0 0 0 0
0 0 0 0
0 0 0 0
0 0 0 0
0 0 0 0
0 0 0 0
0 0 0 0
0 0 0 0
0 0 0 0
0 0 0 0
1 32 1 32
0 0 0 0
0 0 0 0
0 0 0 0
0 0 0 0
0 0 0 0
0 0 0 0
0 0 0 0
0 0 0 0
0 0 0 0
0 0 0 0
0 0 0 0
0 0 0 0
0 0 0 0
0 0 0 0
0 0 0 0
0 0 0 0
0 0 0 0
0 0 0 0
11 1911 12 1750
0 0 0 0
8 2048 8 1481
0 0 0 0
7 1297 9 990
0 0 0 0
3 405 6 671
4 644 8 896
5 993 8 857
2 270 4 448
2 278 4 447
1 143 2 224
2 268 4 447
3 413 6 672
1 135 2 223
2 364 3 317
0 0 0 0
5 879 8 857
0 0 0 0
0 0 0 0
0 0 0 0
0 0 0 0
0 0 0 0
0 0 0 0
0 0 0 0
0 0 0 0
0 0 0 0
0 0 0 0
0 0 0 0
0 0 0 0
0 0 0 0
0 0 0 0
0 0 0 0
0 0 0 0
0 0 0 0
0 0 0 0
0 0 0 0
1 32 1 32
0 0 0 0
0 0 0 0
0 0 0 0
0 0 0 0
0 0 0 0
2 268 4 447
2 270 4 447
2 270 4 447
2 268 4 448
3 597 4 410
0 0 0 0
0 0 0 0
0 0 0 0
0 0 0 0
0 0 0 0
4 540 7 802
3 405 7 765
6 769 10 1121
5 636 8 897
2 302 3 317
6 807 13 1478
6 938 6 558
0 0 0 0
0 0 0 0
0 0 0 0
2 286 4 466
9 1215 13 1630
4 572 6 710
5 811 7 767
0 0 0 0
0 0 0 0
0 0 0 0
0 0 0 0
0 0 0 0
0 0 0 0
0 0 0 0
0 0 0 0
0 0 0 0
0 0 0 0
0 0 0 0
0 0 0 0
0 0 0 0
1 151 2 241
4 1926 5 503
0 0 0 0
2 382 3 317
1 151 2 232
3 405 6 672
1 135 2 224
0 0 0 0
6 810 12 1344
6 810 12 1345
6 810 11 1250
5 771 10 1081
0 0 0 0
0 0 0 0
0 0 0 0
0 0 0 0
0 0 0 0
0 0 0 0
0 0 0 0
0 0 0 0
0 0 0 0
0 0 0 0
0 0 0 0
0 0 0 0
0 0 0 0
0 0 0 0
0 0 0 0
0 0 0 0
0 0 0 0
0 0 0 0
0 0 0 0
1 32 1 32
0 0 0 0
0 0 0 0
4 540 7 804
2 270 5 542
7 945 14 1570
6 808 12 1344
4 540 8 896
2 270 4 448
5 675 10 1121
4 540 8 896
4 540 8 897
5 715 8 934
1 135 2 223
4 540 8 896
3 413 6 673
1 135 2 225
4 540 8 897
0 0 0 0
2 366 3 317
0 0 0 0
0 0 0 0
0 0 0 0
0 0 0 0
0 0 0 0
0 0 0 0
0 0 0 0
0 0 0 0
0 0 0 0
0 0 0 0
0 0 0 0
0 0 0 0
0 0 0 0
0 0 0 0
0 0 0 0
0 0 0 0
0 0 0 0
0 0 0 0
0 0 0 0
1 32 1 32
0 0 0 0
0 0 0 0
0 0 0 0
1 135 2 225
4 538 8 895
3 405 6 672
4 2424 5 503
2 494 4 448
5 1235 10 1122
3 741 6 672
0 0 0 0
4 700 6 642
1 135 2 224
6 808 12 1343
4 540 8 895
7 937 14 1567
6 828 11 1252
7 945 13 1475
2 364 4 410
0 0 0 0
0 0 0 0
0 0 0 0
0 0 0 0
0 0 0 0
0 0 0 0
0 0 0 0
0 0 0 0
0 0 0 0
0 0 0 0
3 405 6 672
1 135 1 132
0 0 1 94
1 159 2 225
0 0 0 0
0 0 0 0
3 421 6 673
2 268 4 448
3 421 5 578
1 143 3 317
1 135 2 224
0 0 0 0
0 0 0 0
6 1770 9 1268
3 885 6 776
0 0 0 0
0 0 0 0
2 294 4 448
0 0 0 0
0 0 0 0
5 843 9 990
0 0 0 0
0 0 0 0
8 1184 11 1396
19 2559 19 2649
20 2962 22 2972
15 2025 18 2370
2 518 4 457
3 1149 6 672
3 709 4 410
0 0 0 0
0 0 0 0
1 135 2 224
4 556 8 897
0 0 0 0
4 652 7 766
3 405 6 672
3 549 6 673
10 1710 13 1325
0 0 0 0
1 135 2 225
2 270 4 451
2 278 4 450
2 270 4 448
2 398 3 318
3 413 6 672
6 1074 10 1083
0 0 0 0
0 0 0 0
0 0 0 0
0 0 0 0
0 0 0 0
4 538 8 896
1 295 2 224
0 0 0 0
0 0 0 0
0 0 0 0
0 0 0 0
0 0 0 0
0 0 0 0
0 0 0 0
0 0 0 0
0 0 0 0
0 0 0 0
0 0 0 0
0 0 0 0
0 0 0 0
0 0 0 0
0 0 0 0
0 0 0 0
4 538 8 897
3 421 6 676
3 501 6 673
5 843 8 862
0 0 0 0
1 135 2 225
6 938 10 1084
4 540 8 897
1 263 2 224
0 0 0 0
0 0 0 0
0 0 0 0
0 0 0 0
0 0 0 0
0 0 0 0
0 0 0 0
0 0 0 0
0 0 0 0
0 0 0 0
0 0 0 0
0 0 0 0
0 0 0 0
0 0 0 0
0 0 0 0
0 0 0 0
0 0 0 0
0 0 0 0
0 0 0 0
1 32 1 32
0 0 0 0
0 0 0 0
0 0 0 0
0 0 0 0
0 0 0 0
0 0 0 0
0 0 0 0
0 0 0 0
0 0 0 0
0 0 0 0
0 0 0 0
0 0 0 0
0 0 0 0
0 0 0 0
0 0 0 0
0 0 0 0
0 0 0 0
0 0 0 0
0 0 0 0
1 32 1 32
0 0 0 0
0 0 0 0
0 0 0 0
0 0 0 0
0 0 0 0
0 0 0 0
0 0 0 0
0 0 0 0
0 0 0 0
0 0 0 0
0 0 0 0
0 0 0 0
0 0 0 0
0 0 0 0
0 0 0 0
0 0 0 0
0 0 0 0
0 0 0 0
0 0 0 0
1 32 1 32
0 0 0 0
0 0 0 0
5 811 10 1119
0 0 0 0
0 0 0 0
0 0 0 0
0 0 0 0
2 286 4 465
4 610 7 790
0 0 0 0
0 0 0 0
0 0 0 0
0 0 0 0
0 0 0 0
0 0 0 0
0 0 0 0
0 0 0 0
0 0 0 0
0 0 0 0
0 0 0 0
0 0 0 0
0 0 0 0
0 0 0 0
0 0 0 0
0 0 0 0
0 0 0 0
0 0 0 0
0 0 0 0
1 32 1 32
0 0 0 0
0 0 0 0
0 0 0 0
0 0 0 0
0 0 0 0
0 0 0 0
318 32339 751 864797
514 50365 1503 1769031
686 66198 1456 1713712
525 50736 1488 1751376
607 58504 1472 1732544
720 69301 1472 1732544
674 64857 1472 1732544
569 54787 1407 1656039
746 71985 1472 1732544
660 63801 1423 1674871
574 56006 1441 1696057
298 28966 572 666407
0 0 0 0
0 0 0 0
0 0 0 0
0 0 0 0
0 0 0 0
0 0 0 0
0 0 0 0
0 0 0 0
0 0 0 0
0 0 0 0
0 0 0 0
0 0 0 0
0 0 0 0
0 0 0 0
0 0 0 0
0 0 0 0
0 0 0 0
0 0 0 0
0 0 0 0
1 32 1 32
0 0 0 0
0 0 0 0
0 0 0 0
0 0 0 0
0 0 0 0
0 0 0 0
0 0 0 0
0 0 0 0
0 0 0 0
0 0 0 0
0 0 0 0
0 0 0 0
0 0 0 0
0 0 0 0
0 0 0 0
0 0 0 0
0 0 0 0
0 0 0 0
0 0 0 0
1 32 1 32
0 0 0 0
0 0 0 0
0 0 0 0
0 0 0 0
0 0 0 0
0 0 0 0
0 0 0 0
0 0 0 0
0 0 0 0
0 0 0 0
0 0 0 0
0 0 0 0
0 0 0 0
0 0 0 0
0 0 0 0
0 0 0 0
0 0 0 0
0 0 0 0
0 0 0 0
1 32 1 32
0 0 0 0
0 0 0 0
0 0 0 0
0 0 0 0
0 0 0 0
0 0 0 0
0 0 0 0
0 0 0 0
0 0 0 0
0 0 0 0
0 0 0 0
0 0 0 0
0 0 0 0
0 0 0 0
0 0 0 0
0 0 0 0
0 0 0 0
0 0 0 0
0 0 0 0
1 32 1 32
263 26986 543 620133
641 62491 1456 1713712
739 71360 1456 1713712
738 71241 1456 1713712
663 64279 1408 1657216
732 70683 1439 1693703
754 72784 1488 1751376
705 68055 1391 1637207
763 73726 1504 1770208
742 71683 1472 1732544
658 63944 1424 1676048
760 73408 1488 1751376
723 69859 1424 1676048
752 72616 1488 1751376
697 67514 1472 1732544
746 72047 1471 1731367
763 73690 1504 1770208
691 66874 1441 1696057
708 68609 1416 1662988
2 192 4 474
0 0 0 0
0 0 0 0
0 0 0 0
0 0 0 0
0 0 0 0
0 0 0 0
0 0 0 0
0 0 0 0
0 0 0 0
0 0 0 0
0 0 0 0
0 0 0 0
0 0 0 0
0 0 0 0
0 0 0 0
0 0 0 0
0 0 0 0
0 0 0 0
0 0 0 0
1 32 1 32
0 0 0 0
0 0 0 0
0 0 0 0
0 0 0 0
0 0 0 0
0 0 0 0
0 0 0 0
0 0 0 0
0 0 0 0
0 0 0 0
0 0 0 0
0 0 0 0
0 0 0 0
0 0 0 0
0 0 0 0
0 0 0 0
0 0 0 0
0 0 0 0
0 0 0 0
1 32 1 32
0 0 0 0
0 0 0 0
0 0 0 0
0 0 0 0
0 0 0 0
0 0 0 0
0 0 0 0
0 0 0 0
0 0 0 0
0 0 0 0
0 0 0 0
0 0 0 0
0 0 0 0
0 0 0 0
0 0 0 0
0 0 0 0
0 0 0 0
0 0 0 0
0 0 0 0
1 32 1 32
0 0 0 0
0 0 0 0
0 0 0 0
0 0 0 0
0 0 0 0
0 0 0 0
0 0 0 0
0 0 0 0
0 0 0 0
0 0 0 0
0 0 0 0
0 0 0 0
0 0 0 0
0 0 0 0
0 0 0 0
0 0 0 0
0 0 0 0
0 0 0 0
0 0 0 0
1 32 1 32
11 1909 12 1902
569 55630 1187 1390340
670 65471 1472 1732544
738 71263 1456 1713712
646 62395 1424 1676048
669 64632 1407 1656039
722 69685 1457 1714889
736 70931 1454 1711358
527 50934 1456 1713712
621 60012 1456 1713712
610 59129 1392 1638384
703 67786 1504 1770208
755 72860 1488 1751376
670 64917 1472 1732544
578 55908 1488 1751376
683 65985 1423 1674871
721 69643 1456 1713712
728 70249 1436 1690172
135 13190 252 289624
0 0 0 0
0 0 0 0
0 0 0 0
0 0 0 0
0 0 0 0
0 0 0 0
0 0 0 0
0 0 0 0
0 0 0 0
0 0 0 0
0 0 0 0
0 0 0 0
0 0 0 0
0 0 0 0
0 0 0 0
0 0 0 0
0 0 0 0
0 0 0 0
0 0 0 0
1 32 1 32
0 0 0 0
0 0 0 0
0 0 0 0
0 0 0 0
0 0 0 0
0 0 0 0
0 0 0 0
0 0 0 0
0 0 0 0
0 0 0 0
0 0 0 0
0 0 0 0
0 0 0 0
0 0 0 0
0 0 0 0
0 0 0 0
0 0 0 0
0 0 0 0
0 0 0 0
1 32 1 32
0 0 0 0
0 0 0 0
0 0 0 0
0 0 0 0
0 0 0 0
0 0 0 0
0 0 0 0
0 0 0 0
0 0 0 0
0 0 0 0
0 0 0 0
0 0 0 0
0 0 0 0
0 0 0 0
0 0 0 0
0 0 0 0
0 0 0 0
0 0 0 0
0 0 0 0
1 32 1 32
12 2035 13 2115
560 54588 1218 1427637
669 64716 1468 1727836
738 70780 1444 1699588
720 68945 1456 1713712
729 69849 1432 1685464
745 71319 1479 1740783
639 61278 1456 1713712
594 56971 1440 1694880
717 68711 1472 1732544
662 64024 1408 1657216
739 71270 1456 1713712
438 42431 1488 1751376
293 28443 589 684887
0 0 0 0
0 0 0 0
0 0 0 0
0 0 0 0
0 0 0 0
0 0 0 0
0 0 0 0
0 0 0 0
0 0 0 0
0 0 0 0
0 0 0 0
0 0 0 0
0 0 0 0
0 0 0 0
0 0 0 0
0 0 0 0
0 0 0 0
0 0 0 0
0 0 0 0
1 32 1 32
0 0 0 0
0 0 0 0
0 0 0 0
0 0 0 0
0 0 0 0
0 0 0 0
0 0 0 0
0 0 0 0
0 0 0 0
0 0 0 0
0 0 0 0
0 0 0 0
0 0 0 0
0 0 0 0
0 0 0 0
0 0 0 0
0 0 0 0
0 0 0 0
0 0 0 0
1 32 1 32
0 0 0 0
0 0 0 0
0 0 0 0
0 0 0 0
0 0 0 0
0 0 0 0
0 0 0 0
0 0 0 0
0 0 0 0
0 0 0 0
0 0 0 0
175 18431 389 438866
756 72661 1482 1744314
650 62944 1440 1694880
738 70669 1466 1725482
661 63534 1462 1720774
756 72385 1504 1770208
732 70126 1456 1713712
590 56634 1488 1751376
740 71000 1472 1732544
720 69134 1408 1657216
721 69383 1472 1732544
645 62503 1455 1712535
535 51493 1466 1725482
668 64140 1430 1683110
681 65749 1463 1720866
755 72661 1492 1756084
706 67884 1392 1638384
738 70985 1444 1699588
738 71137 1456 1713712
755 72766 1488 1751376
729 70333 1436 1690170
3 413 6 695
0 0 0 0
0 0 0 0
0 0 0 0
0 0 0 0
0 0 0 0
0 0 0 0
0 0 0 0
0 0 0 0
0 0 0 0
0 0 0 0
0 0 0 0
0 0 0 0
0 0 0 0
0 0 0 0
0 0 0 0
0 0 0 0
0 0 0 0
0 0 0 0
0 0 0 0
1 32 1 32
0 0 0 0
0 0 0 0
0 0 0 0
0 0 0 0
0 0 0 0
0 0 0 0
0 0 0 0
0 0 0 0
0 0 0 0
0 0 0 0
0 0 0 0
0 0 0 0
0 0 0 0
0 0 0 0
0 0 0 0
0 0 0 0
0 0 0 0
0 0 0 0
0 0 0 0
1 32 1 32
0 0 0 0
0 0 0 0
0 0 0 0
0 0 0 0
0 0 0 0
0 0 0 0
0 0 0 0
0 0 0 0
11 1904 12 1747
0 0 0 0
6 1855 8 1482
0 0 0 0
0 0 0 0
0 0 0 0
0 0 0 0
0 0 0 0
0 0 0 0
0 0 0 0
0 0 0 0
0 0 0 0
2 268 4 448
4 548 8 895
1 231 2 224
4 536 7 803
2 278 5 541
3 497 5 537
0 0 0 0
0 0 0 0
0 0 0 0
0 0 0 0
0 0 0 0
0 0 0 0
0 0 0 0
0 0 0 0
0 0 0 0
0 0 0 0
0 0 0 0
0 0 0 0
0 0 0 0
0 0 0 0
0 0 0 0
0 0 0 0
0 0 0 0
0 0 0 0
0 0 0 0
1 32 1 32
0 0 0 0
1 135 2 224
3 401 6 669
4 544 8 892
4 544 8 894
1 133 2 222
4 534 7 802
2 266 5 537
3 411 6 667
5 668 10 1114
3 403 6 668
4 536 7 833
3 405 7 788
0 0 0 0
0 0 0 0
2 396 3 314
0 0 0 0
0 0 0 0
0 0 0 0
0 0 0 0
0 0 0 0
0 0 0 0
0 0 0 0
5 689 10 1111
2 364 3 316
0 0 0 0
0 0 0 0
0 0 0 0
0 0 0 0
0 0 0 0
0 0 0 0
0 0 0 0
0 0 0 0
0 0 0 0
0 0 0 0
0 0 0 0
0 0 0 0
0 0 0 0
0 0 0 0
3 405 6 672
2 270 5 580
4 540 7 765
6 808 11 1250
4 540 9 986
4 540 8 895
3 589 5 541
0 0 0 0
0 0 0 0
0 0 0 0
0 0 0 0
0 0 0 0
0 0 0 0
0 0 0 0
0 0 0 0
0 0 0 0
0 0 0 0
0 0 0 0
0 0 0 0
0 0 0 0
4 540 8 895
2 278 4 448
7 945 13 1476
2 268 5 541
1 135 2 224
6 994 10 1119
0 0 0 0
0 0 0 0
0 0 0 0
0 0 0 0
0 0 0 0
0 0 0 0
0 0 0 0
0 0 0 0
0 0 0 0
0 0 0 0
0 0 0 0
1 135 2 223
2 268 4 448
3 421 6 672
3 409 6 671
2 286 4 448
2 364 3 317
0 0 0 0
0 0 0 0
0 0 0 0
0 0 0 0
0 0 0 0
0 0 0 0
0 0 0 0
0 0 0 0
0 0 0 0
0 0 0 0
0 0 0 0
0 0 0 0
1 133 2 224
2 270 4 448
3 411 6 670
2 414 4 447
4 540 8 895
1 151 2 223
0 0 0 0
0 0 0 0
2 270 4 447
1 135 2 223
2 398 3 317
0 0 0 0
0 0 0 0
0 0 0 0
0 0 0 0
0 0 0 0
0 0 0 0
0 0 0 0
0 0 0 0
0 0 0 0
0 0 0 0
0 0 0 0
0 0 0 0
0 0 0 0
0 0 0 0
0 0 0 0
0 0 0 0
0 0 0 0
0 0 0 0
1 135 2 223
4 548 8 895
2 270 4 446
1 231 2 224
0 0 0 0
0 0 0 0
0 0 0 0
0 0 0 0
0 0 0 0
0 0 0 0
4 540 8 892
4 538 7 801
1 151 3 315
0 0 0 0
0 0 0 0
0 0 0 0
0 0 0 0
0 0 0 0
3 411 6 670
3 401 6 668
2 284 4 445
1 143 2 223
3 533 4 408
0 0 0 0
0 0 0 0
0 0 0 0
0 0 0 0
0 0 0 0
0 0 0 0
0 0 0 0
0 0 0 0
0 0 0 0
0 0 0 0
0 0 0 0
0 0 0 0
0 0 0 0
0 0 0 0
0 0 0 0
0 0 0 0
0 0 0 0
0 0 0 0
0 0 0 0
1 32 1 32
0 0 0 0
0 0 0 0
0 0 0 0
0 0 0 0
0 0 0 0
0 0 0 0
0 0 0 0
0 0 0 0
0 0 0 0
0 0 0 0
0 0 0 0
0 0 0 0
0 0 0 0
0 0 0 0
0 0 0 0
0 0 0 0
0 0 0 0
0 0 0 0
0 0 0 0
1 32 1 32
0 0 0 0
0 0 0 0
0 0 0 0
0 0 0 0
4 540 8 894
1 133 2 224
0 0 0 0
1 133 2 224
1 135 2 224
3 401 6 670
0 0 0 0
3 382 4 445
3 372 4 446
3 401 6 669
4 534 8 891
0 0 0 0
3 382 4 446
8 1423 9 910
0 0 0 0
0 0 0 0
0 0 0 0
0 0 0 0
0 0 0 0
0 0 0 0
0 0 0 0
0 0 0 0
0 0 0 0
0 0 0 0
0 0 0 0
0 0 0 0
0 0 0 0
0 0 0 0
0 0 0 0
0 0 0 0
0 0 0 0
0 0 0 0
0 0 0 0
1 32 1 32
4 540 7 799
2 266 5 536
2 286 4 446
2 366 3 316
0 0 0 0
0 0 0 0
0 0 0 0
0 0 0 0
0 0 0 0
0 0 0 0
0 0 0 0
0 0 0 0
0 0 0 0
0 0 0 0
0 0 0 0
0 0 0 0
0 0 0 0
0 0 0 0
0 0 0 0
0 0 0 0
0 0 0 0
0 0 0 0
0 0 0 0
1 32 1 32
0 0 0 0
0 0 0 0
0 0 0 0
0 0 0 0
0 0 0 0
0 0 0 0
0 0 0 0
0 0 0 0
0 0 0 0
0 0 0 0
0 0 0 0
2 270 4 446
9 1205 17 1922
2 270 5 541
1 133 2 224
0 0 0 0
0 0 0 0
0 0 0 0
0 0 0 0
0 0 0 0
1 135 2 224
2 292 4 447
2 302 3 317
8 1168 15 1659
0 0 0 0
0 0 0 0
0 0 0 0
0 0 0 0
0 0 0 0
0 0 0 0
0 0 0 0
0 0 0 0
2 270 4 447
7 1011 13 1462
0 0 0 0
0 0 0 0
0 0 0 0
0 0 0 0
0 0 0 0
0 0 0 0
0 0 0 0
0 0 0 0
0 0 0 0
0 0 0 0
0 0 0 0
0 0 0 0
0 0 0 0
0 0 0 0
0 0 0 0
0 0 0 0
0 0 0 0
0 0 0 0
0 0 0 0
8 1455 10 1383
428 42139 999 1165007
669 64932 1455 1712535
684 65835 1504 1770208
493 47783 1472 1732544
718 69110 1471 1731367
379 36680 1440 1694880
375 36391 964 1127902
0 0 0 0
0 0 0 0
0 0 0 0
0 0 0 0
0 0 0 0
0 0 0 0
0 0 0 0
0 0 0 0
0 0 0 0
0 0 0 0
0 0 0 0
0 0 0 0
0 0 0 0
0 0 0 0
0 0 0 0
0 0 0 0
0 0 0 0
0 0 0 0
0 0 0 0
1 32 1 32
0 0 0 0
0 0 0 0
0 0 0 0
0 0 0 0
0 0 0 0
0 0 0 0
0 0 0 0
0 0 0 0
0 0 0 0
0 0 0 0
0 0 0 0
0 0 0 0
0 0 0 0
0 0 0 0
0 0 0 0
0 0 0 0
0 0 0 0
0 0 0 0
0 0 0 0
1 32 1 32
0 0 0 0
0 0 0 0
0 0 0 0
0 0 0 0
0 0 0 0
0 0 0 0
0 0 0 0
0 0 0 0
8 1517 9 1349
549 53658 1095 1279071
379 37102 1488 1751376
570 54954 1456 1713712
193 18972 493 572637
0 0 0 0
0 0 0 0
0 0 0 0
0 0 0 0
0 0 0 0
0 0 0 0
0 0 0 0
0 0 0 0
0 0 0 0
0 0 0 0
0 0 0 0
0 0 0 0
0 0 0 0
0 0 0 0
0 0 0 0
0 0 0 0
0 0 0 0
0 0 0 0
0 0 0 0
1 32 1 32
0 0 0 0
0 0 0 0
0 0 0 0
0 0 0 0
0 0 0 0
0 0 0 0
0 0 0 0
0 0 0 0
0 0 0 0
0 0 0 0
0 0 0 0
438 43693 879 1015606
583 56811 1509 1776093
725 69914 1499 1764323
537 51864 1440 1694880
640 61711 1440 1694880
730 70419 1440 1694880
723 69623 1424 1676048
626 60319 1440 1694880
598 57596 1408 1657216
612 58940 1376 1619552
502 48800 1423 1674871
666 64123 1424 1676048
645 62166 1472 1732544
767 73982 1504 1770208
755 72810 1488 1751376
77 7588 157 177563
0 0 0 0
0 0 0 0
0 0 0 0
0 0 0 0
0 0 0 0
0 0 0 0
0 0 0 0
0 0 0 0
0 0 0 0
0 0 0 0
0 0 0 0
0 0 0 0
0 0 0 0
0 0 0 0
0 0 0 0
0 0 0 0
0 0 0 0
0 0 0 0
0 0 0 0
1 32 1 32
0 0 0 0
0 0 0 0
0 0 0 0
0 0 0 0
0 0 0 0
0 0 0 0
0 0 0 0
0 0 0 0
0 0 0 0
0 0 0 0
0 0 0 0
0 0 0 0
0 0 0 0
0 0 0 0
0 0 0 0
0 0 0 0
0 0 0 0
0 0 0 0
0 0 0 0
1 32 1 32
0 0 0 0
0 0 0 0
0 0 0 0
0 0 0 0
0 0 0 0
0 0 0 0
0 0 0 0
0 0 0 0
0 0 0 0
0 0 0 0
0 0 0 0
0 0 0 0
0 0 0 0
0 0 0 0
0 0 0 0
0 0 0 0
0 0 0 0
0 0 0 0
0 0 0 0
269 27528 511 582477
625 61394 1401 1641990
0 0 0 0
0 0 0 0
0 0 0 0
0 0 0 0
0 0 0 0
0 0 0 0
0 0 0 0
0 0 0 0
0 0 0 0
0 0 0 0
0 0 0 0
0 0 0 0
0 0 0 0
0 0 0 0
0 0 0 0
0 0 0 0
0 0 0 0
0 0 0 0
0 0 0 0
0 0 0 0
1 32 1 32
0 0 0 0
0 0 0 0
0 0 0 0
0 0 0 0
0 0 0 0
0 0 0 0
0 0 0 0
0 0 0 0
0 0 0 0
0 0 0 0
0 0 0 0
0 0 0 0
0 0 0 0
0 0 0 0
0 0 0 0
0 0 0 0
0 0 0 0
0 0 0 0
0 0 0 0
1 32 1 32
0 0 0 0
0 0 0 0
0 0 0 0
0 0 0 0
0 0 0 0
0 0 0 0
0 0 0 0
0 0 0 0
0 0 0 0
0 0 0 0
0 0 0 0
0 0 0 0
0 0 0 0
0 0 0 0
0 0 0 0
0 0 0 0
0 0 0 0
0 0 0 0
0 0 0 0
1 32 1 32
0 0 0 0
0 0 0 0
0 0 0 0
0 0 0 0
0 0 0 0
0 0 0 0
0 0 0 0
0 0 0 0
0 0 0 0
0 0 0 0
0 0 0 0
0 0 0 0
0 0 0 0
0 0 0 0
0 0 0 0
0 0 0 0
0 0 0 0
13 2632 13 2111
612 58913 1266 1484289
641 62047 1440 1694880
749 71657 1488 1751376
730 69962 1520 1789040
587 56365 1502 1767854
600 57601 1504 1770208
630 60420 1488 1751376
665 63883 1456 1713712
598 57513 1488 1751376
673 64819 1456 1713712
281 27730 1520 1789040
603 57988 1488 1751376
689 66394 1488 1751376
739 71193 1488 1751376
622 60040 1503 1769031
312 30337 765 893237
0 0 0 0
0 0 0 0
0 0 0 0
0 0 0 0
0 0 0 0
0 0 0 0
0 0 0 0
0 0 0 0
0 0 0 0
0 0 0 0
0 0 0 0
0 0 0 0
0 0 0 0
0 0 0 0
0 0 0 0
0 0 0 0
0 0 0 0
0 0 0 0
0 0 0 0
1 32 1 32
0 0 0 0
0 0 0 0
0 0 0 0
0 0 0 0
0 0 0 0
0 0 0 0
0 0 0 0
0 0 0 0
0 0 0 0
0 0 0 0
0 0 0 0
0 0 0 0
0 0 0 0
0 0 0 0
0 0 0 0
0 0 0 0
0 0 0 0
0 0 0 0
0 0 0 0
1 32 1 32
0 0 0 0
0 0 0 0
0 0 0 0
0 0 0 0
0 0 0 0
0 0 0 0
0 0 0 0
0 0 0 0
0 0 0 0
0 0 0 0
0 0 0 0
0 0 0 0
0 0 0 0
0 0 0 0
0 0 0 0
0 0 0 0
0 0 0 0
0 0 0 0
0 0 0 0
1 32 1 32
0 0 0 0
0 0 0 0
0 0 0 0
0 0 0 0
0 0 0 0
0 0 0 0
0 0 0 0
0 0 0 0
0 0 0 0
0 0 0 0
0 0 0 0
0 0 0 0
0 0 0 0
0 0 0 0
0 0 0 0
0 0 0 0
0 0 0 0
0 0 0 0
0 0 0 0
1 32 1 32
38 5225 80 75182
683 66157 1471 1731367
668 64422 1456 1713712
556 53808 1472 1732544
730 70607 1472 1732544
746 72018 1472 1732544
597 57591 1440 1694880
707 68051 1440 1694880
720 69285 1438 1692526
723 69567 1472 1732544
653 62761 1383 1627791
632 60964 1365 1606605
533 51377 1360 1600720
646 62163 1408 1657216
597 57745 1408 1657216
620 59675 1424 1676048
725 69595 1456 1713712
652 62481 1408 1657216
703 67307 1439 1693703
647 62012 1456 1713712
89 8701 173 197174
0 0 0 0
0 0 0 0
0 0 0 0
0 0 0 0
0 0 0 0
0 0 0 0
0 0 0 0
0 0 0 0
0 0 0 0
0 0 0 0
0 0 0 0
0 0 0 0
0 0 0 0
0 0 0 0
0 0 0 0
0 0 0 0
0 0 0 0
11 1899 12 1742
0 0 0 0
15 3260 8 1479
0 0 1 93
0 0 0 0
0 0 0 0
0 0 0 0
0 0 0 0
0 0 0 0
0 0 0 0
0 0 0 0
0 0 0 0
0 0 0 0
0 0 0 0
0 0 0 0
2 266 4 446
6 798 12 1341
4 534 8 895
5 691 10 1120
1 133 2 223
0 0 0 0
1 135 2 224
2 268 4 447
4 532 8 895
3 399 6 672
3 419 6 680
1 143 2 223
3 405 6 671
8 1231 9 940
0 0 0 0
0 0 0 0
0 0 0 0
0 0 0 0
0 0 0 0
0 0 0 0
0 0 0 0
0 0 0 0
0 0 0 0
0 0 0 0
0 0 0 0
0 0 0 0
0 0 0 0
0 0 0 0
0 0 0 0
0 0 0 0
0 0 0 0
0 0 0 0
0 0 0 0
1 32 1 32
0 0 0 0
1 159 2 231
1 132 2 222
3 403 6 670
3 403 6 666
3 399 6 667
1 133 2 222
0 0 0 0
4 532 8 889
0 0 0 0
4 489 5 565
0 0 0 0
0 0 0 0
0 0 0 0
0 0 0 0
0 0 0 0
0 0 0 0
0 0 0 0
0 0 0 0
0 0 0 0
0 0 0 0
0 0 0 0
0 0 0 0
0 0 0 0
0 0 0 0
0 0 0 0
0 0 0 0
0 0 0 0
0 0 0 0
0 0 0 0
1 32 1 32
0 0 0 0
0 0 0 0
1 135 2 224
1 133 2 222
3 411 6 668
6 812 12 1338
0 0 0 0
0 0 0 0
0 0 0 0
0 0 0 0
0 0 0 0
0 0 0 0
2 270 4 445
4 652 7 763
0 0 0 0
0 0 0 0
0 0 0 0
0 0 0 0
0 0 0 0
0 0 0 0
0 0 0 0
1 151 2 231
0 0 0 0
0 0 0 0
0 0 0 0
0 0 0 0
0 0 0 0
0 0 0 0
2 268 3 369
1 135 3 323
0 0 0 0
2 284 4 462
3 425 5 575
14 1948 16 2007
3 427 6 668
4 692 6 628
0 0 0 0
0 0 0 0
4 570 8 924
13 1734 14 1898
8 1146 15 1657
2 266 4 445
8 1192 13 1391
2 318 4 462
8 1066 11 1388
64 57438 43 4314
0 0 0 0
0 0 0 0
0 0 0 0
0 0 0 0
0 0 0 0
0 0 0 0
0 0 0 0
0 0 0 0
0 0 0 0
0 0 0 0
0 0 0 0
0 0 0 0
0 0 0 0
1 151 2 231
1 135 2 223
4 548 8 894
4 542 8 896
5 667 10 1118
4 550 8 893
6 800 11 1248
3 421 7 761
6 830 12 1338
4 536 8 894
5 755 9 986
0 0 0 0
0 0 0 0
0 0 0 0
0 0 0 0
0 0 0 0
0 0 0 0
0 0 0 0
5 999 8 855
4 544 8 890
5 687 10 1112
3 403 6 670
3 409 6 668
4 562 8 892
1 135 2 224
3 408 6 668
0 0 0 0
4 537 8 892
6 840 11 1242
2 348 4 407
0 0 0 0
0 0 0 0
5 669 10 1112
3 413 6 666
1 231 2 222
2 266 4 445
5 677 10 1115
5 707 10 1115
0 0 0 0
0 0 0 0
0 0 0 0
0 0 0 0
1 135 2 224
4 552 8 892
6 812 11 1211
0 0 0 0
3 499 5 538
0 0 0 0
0 0 0 0
0 0 0 0
0 0 0 0
0 0 0 0
0 0 0 0
0 0 0 0
0 0 0 0
0 0 0 0
0 0 0 0
0 0 0 0
0 0 0 0
0 0 0 0
1 133 2 222
2 268 4 446
7 1154 11 1166
0 0 0 0
0 0 0 0
0 0 0 0
0 0 0 0
0 0 0 0
0 0 0 0
0 0 0 0
0 0 0 0
0 0 0 0
0 0 0 0
0 0 0 0
0 0 0 0
0 0 0 0
0 0 0 0
0 0 0 0
0 0 0 0
0 0 0 0
0 0 0 0
0 0 0 0
1 32 1 32
0 0 0 0
0 0 0 0
0 0 0 0
0 0 0 0
4 940 6 650
0 0 0 0
0 0 0 0
0 0 0 0
1 151 2 232
4 540 8 893
0 0 0 0
0 0 0 0
4 538 8 893
2 266 4 444
0 0 0 0
4 538 8 892
1 143 2 222
0 0 0 0
0 0 0 0
1 133 2 222
0 0 0 0
0 0 0 0
0 0 0 0
3 413 6 670
4 552 8 890
4 536 8 890
3 501 5 537
0 0 0 0
0 0 0 0
0 0 0 0
0 0 0 0
0 0 0 0
0 0 0 0
0 0 0 0
0 0 0 0
0 0 0 0
0 0 0 0
0 0 0 0
0 0 0 0
0 0 0 0
0 0 0 0
0 0 0 0
1 151 2 239
3 531 4 406
0 0 0 0
0 0 0 0
0 0 0 0
0 0 0 0
0 0 0 0
0 0 0 0
0 0 0 0
0 0 0 0
0 0 0 0
0 0 0 0
0 0 0 0
0 0 0 0
0 0 0 0
0 0 0 0
0 0 0 0
0 0 0 0
0 0 0 0
0 0 0 0
0 0 0 0
1 32 1 32
0 0 0 0
0 0 0 0
0 0 0 0
3 869 4 442
0 0 0 0
0 0 0 0
0 0 0 0
0 0 0 0
0 0 0 0
0 0 0 0
0 0 0 0
0 0 0 0
0 0 0 0
0 0 0 0
0 0 0 0
0 0 0 0
0 0 0 0
0 0 0 0
0 0 0 0
0 0 0 0
0 0 0 0
0 0 0 0
0 0 0 0
0 0 0 0
1 32 1 32
0 0 0 0
0 0 0 0
0 0 0 0
0 0 0 0
0 0 0 0
1 167 2 231
3 405 6 667
3 399 6 667
5 679 10 1111
5 679 9 1019
3 497 6 629
0 0 0 0
0 0 0 0
0 0 0 0
0 0 0 0
0 0 0 0
0 0 0 0
0 0 0 0
0 0 0 0
0 0 0 0
0 0 0 0
0 0 0 0
0 0 0 0
0 0 0 0
0 0 0 0
0 0 0 0
0 0 0 0
0 0 0 0
0 0 0 0
0 0 0 0
1 32 1 32
0 0 0 0
0 0 0 0
0 0 0 0
0 0 0 0
0 0 0 0
0 0 0 0
0 0 0 0
0 0 0 0
0 0 0 0
0 0 0 0
0 0 0 0
0 0 0 0
0 0 0 0
0 0 0 0
0 0 0 0
0 0 0 0
0 0 0 0
0 0 0 0
0 0 0 0
1 32 1 32
0 0 0 0
0 0 0 0
0 0 0 0
0 0 0 0
0 0 0 0
0 0 0 0
0 0 0 0
0 0 0 0
0 0 0 0
0 0 0 0
0 0 0 0
0 0 0 0
0 0 0 0
0 0 0 0
0 0 0 0
4 534 8 892
4 608 7 784
0 0 0 0
0 0 0 0
0 0 0 0
0 0 0 0
13 2627 14 2203
496 48388 1370 1607779
626 60383 1462 1720774
595 57221 1408 1657216
436 42024 1464 1723128
639 61234 1448 1704296
670 64254 1488 1751376
615 58993 1440 1694880
669 64071 1455 1712535
595 57107 1440 1694880
618 59653 1472 1732544
730 70072 1440 1694880
660 63360 1424 1676048
682 65671 1456 1713712
692 66427 1408 1657216
729 69854 1440 1694880
575 55277 1392 1638384
659 63208 1392 1638384
720 69123 1423 1674871
585 56358 1429 1681933
649 62683 1419 1670163
725 69846 1440 1694880
473 45815 1011 1182645
0 0 0 0
0 0 0 0
0 0 0 0
0 0 0 0
0 0 0 0
0 0 0 0
0 0 0 0
0 0 0 0
0 0 0 0
0 0 0 0
0 0 0 0
0 0 0 0
0 0 0 0
0 0 0 0
0 0 0 0
0 0 0 0
0 0 0 0
0 0 0 0
0 0 0 0
1 32 1 32
0 0 0 0
0 0 0 0
0 0 0 0
0 0 0 0
0 0 0 0
0 0 0 0
0 0 0 0
0 0 0 0
0 0 0 0
0 0 0 0
0 0 0 0
0 0 0 0
0 0 0 0
0 0 0 0
0 0 0 0
0 0 0 0
0 0 0 0
0 0 0 0
0 0 0 0
1 32 1 32
7 1425 9 1347
440 43147 1062 1240232
636 61717 1440 1694880
507 48795 997 1166136
0 0 0 0
0 0 0 0
0 0 0 0
0 0 0 0
0 0 0 0
0 0 0 0
0 0 0 0
0 0 0 0
0 0 0 0
0 0 0 0
0 0 0 0
0 0 0 0
0 0 0 0
0 0 0 0
0 0 0 0
0 0 0 0
0 0 0 0
0 0 0 0
0 0 0 0
1 32 1 32
0 0 0 0
0 0 0 0
0 0 0 0
0 0 0 0
0 0 0 0
0 0 0 0
0 0 0 0
0 0 0 0
0 0 0 0
0 0 0 0
0 0 0 0
0 0 0 0
0 0 0 0
0 0 0 0
0 0 0 0
0 0 0 0
0 0 0 0
0 0 0 0
0 0 0 0
1 32 1 32
0 0 0 0
0 0 0 0
0 0 0 0
0 0 0 0
0 0 0 0
0 0 0 0
0 0 0 0
0 0 0 0
299 30450 705 811383
581 56403 1439 1693703
752 72203 1471 1731367
729 69942 1439 1693703
746 71622 1472 1732544
747 71887 1471 1731367
738 71020 1456 1713712
516 49889 1015 1187789
0 0 0 0
0 0 0 0
0 0 0 0
0 0 0 0
0 0 0 0
0 0 0 0
0 0 0 0
0 0 0 0
0 0 0 0
0 0 0 0
0 0 0 0
0 0 0 0
0 0 0 0
0 0 0 0
0 0 0 0
0 0 0 0
0 0 0 0
0 0 0 0
0 0 0 0
1 32 1 32
0 0 0 0
0 0 0 0
0 0 0 0
0 0 0 0
0 0 0 0
0 0 0 0
0 0 0 0
0 0 0 0
0 0 0 0
0 0 0 0
0 0 0 0
0 0 0 0
0 0 0 0
0 0 0 0
0 0 0 0
0 0 0 0
0 0 0 0
0 0 0 0
0 0 0 0
1 32 1 32
0 0 0 0
0 0 0 0
0 0 0 0
0 0 0 0
0 0 0 0
0 0 0 0
193 20164 400 451819
561 54540 1440 1694880
730 70205 1440 1694880
706 67899 1392 1638384
618 59642 1440 1694880
715 68911 1439 1693703
685 66105 1450 1706650
515 49815 1462 1720774
689 66416 1408 1657216
715 68979 1423 1674871
406 39701 1520 1789040
384 37069 1424 1676048
529 50861 1392 1638384
225 22033 590 687254
0 0 0 0
0 0 0 0
0 0 0 0
0 0 0 0
0 0 0 0
0 0 0 0
0 0 0 0
0 0 0 0
0 0 0 0
0 0 0 0
0 0 0 0
0 0 0 0
0 0 0 0
0 0 0 0
0 0 0 0
0 0 0 0
0 0 0 0
0 0 0 0
0 0 0 0
1 32 1 32
0 0 0 0
0 0 0 0
0 0 0 0
0 0 0 0
0 0 0 0
0 0 0 0
0 0 0 0
0 0 0 0
0 0 0 0
0 0 0 0
0 0 0 0
0 0 0 0
0 0 0 0
0 0 0 0
0 0 0 0
0 0 0 0
0 0 0 0
23 3794 44 33382
600 58661 1475 1735497
687 65966 1456 1713712
104 10259 479 557248
0 0 0 0
0 0 0 0
0 0 0 0
0 0 0 0
0 0 0 0
0 0 0 0
0 0 0 0
0 0 0 0
0 0 0 0
0 0 0 0
0 0 0 0
0 0 0 0
0 0 0 0
0 0 0 0
0 0 0 0
0 0 0 0
0 0 0 0
0 0 0 0
0 0 0 0
1 32 1 32
0 0 0 0
0 0 0 0
0 0 0 0
0 0 0 0
0 0 0 0
0 0 0 0
0 0 0 0
0 0 0 0
0 0 0 0
0 0 0 0
0 0 0 0
0 0 0 0
0 0 0 0
0 0 0 0
0 0 0 0
0 0 0 0
0 0 0 0
0 0 0 0
0 0 0 0
1 32 1 32
0 0 0 0
0 0 0 0
0 0 0 0
0 0 0 0
0 0 0 0
0 0 0 0
0 0 0 0
0 0 0 0
0 0 0 0
0 0 0 0
0 0 0 0
0 0 0 0
0 0 0 0
0 0 0 0
0 0 0 0
0 0 0 0
0 0 0 0
0 0 0 0
0 0 0 0
1 32 1 32
0 0 0 0
0 0 0 0
0 0 0 0
0 0 0 0
0 0 0 0
0 0 0 0
0 0 0 0
0 0 0 0
0 0 0 0
76 8919 222 242313
202 19622 396 458823
0 0 0 0
0 0 0 0
0 0 0 0
0 0 0 0
0 0 0 0
0 0 0 0
0 0 0 0
0 0 0 0
0 0 0 0
0 0 0 0
0 0 0 0
0 0 0 0
0 0 0 0
0 0 0 0
0 0 0 0
0 0 0 0
0 0 0 0
0 0 0 0
0 0 0 0
1 32 1 32
0 0 0 0
0 0 0 0
0 0 0 0
0 0 0 0
0 0 0 0
0 0 0 0
0 0 0 0
0 0 0 0
0 0 0 0
0 0 0 0
0 0 0 0
0 0 0 0
0 0 0 0
0 0 0 0
0 0 0 0
0 0 0 0
0 0 0 0
0 0 0 0
0 0 0 0
1 32 1 32
0 0 0 0
0 0 0 0
0 0 0 0
0 0 0 0
0 0 0 0
0 0 0 0
0 0 0 0
0 0 0 0
0 0 0 0
0 0 0 0
0 0 0 0
0 0 0 0
0 0 0 0
0 0 0 0
0 0 0 0
0 0 0 0
0 0 0 0
0 0 0 0
0 0 0 0
1 32 1 32
0 0 0 0
0 0 0 0
0 0 0 0
0 0 0 0
0 0 0 0
0 0 0 0
0 0 0 0
0 0 0 0
0 0 0 0
0 0 0 0
0 0 0 0
0 0 0 0
0 0 0 0
63 7642 112 112839
718 69061 1454 1711358
644 62737 1488 1751376
679 65368 1456 1713712
251 24292 485 563823
0 0 0 0
0 0 0 0
0 0 0 0
0 0 0 0
0 0 0 0
0 0 0 0
0 0 0 0
0 0 0 0
0 0 0 0
0 0 0 0
0 0 0 0
0 0 0 0
0 0 0 0
0 0 0 0
0 0 0 0
0 0 0 0
11 1908 12 1745
0 0 0 0
0 0 0 0
1 96 1 247
0 0 0 0
0 0 0 0
0 0 0 0
1 151 1 92
0 0 0 0
11 2413 8 1480
0 0 0 0
5 669 10 1117
3 509 5 541
2 268 4 444
4 538 8 890
4 700 6 634
1 143 2 232
3 501 5 538
0 0 0 0
0 0 0 0
0 0 0 0
0 0 0 0
0 0 0 0
0 0 0 0
0 0 0 0
0 0 0 0
0 0 0 0
0 0 0 0
0 0 0 0
0 0 0 0
0 0 0 0
0 0 0 0
0 0 0 0
0 0 0 0
0 0 0 0
0 0 0 0
0 0 0 0
1 32 1 32
0 0 0 0
0 0 0 0
0 0 0 0
0 0 0 0
0 0 0 0
0 0 0 0
0 0 0 0
0 0 0 0
0 0 0 0
0 0 0 0
0 0 0 0
0 0 0 0
0 0 0 0
0 0 0 0
5 1011 7 759
5 671 8 972
3 427 6 687
5 795 10 1117
5 732 8 891
0 0 0 0
7 1042 12 1341
13 2327 15 1471
0 0 0 0
0 0 0 0
4 272 0 0
2 136 0 0
2 136 0 0
2 136 0 0
4 272 0 0
2 90 0 0
2 90 0 0
2 90 0 0
4 180 0 0
2 90 0 0
0 0 0 0
0 0 0 0
0 0 0 0
0 0 0 0
0 0 0 0
0 0 0 0
0 0 0 0
2 165 3 255
2 268 4 446
2 266 4 444
3 569 5 539
0 0 0 0
1 135 2 223
5 699 10 1117
0 0 0 0
2 268 4 447
3 507 5 539
0 0 0 0
0 0 0 0
0 0 0 0
0 0 0 0
0 0 0 0
0 0 0 0
3 405 5 578
1 135 3 316
2 286 4 446
2 270 4 447
1 143 2 223
1 135 2 224
3 419 5 577
2 364 4 409
0 0 0 0
1 135 2 222
5 669 10 1116
3 419 6 668
0 0 0 0
2 270 4 448
4 650 5 578
0 0 2 186
0 0 0 0
4 538 8 894
3 413 7 802
5 687 9 987
2 366 3 316
0 0 0 0
0 0 0 0
0 0 0 0
2 266 4 444
3 401 6 669
1 133 2 222
1 133 2 224
0 0 0 0
4 534 8 892
4 484 4 447
2 266 4 445
4 532 8 893
2 247 2 224
0 0 0 0
2 236 2 224
4 534 6 741
14 1870 15 2040
4 668 8 902
3 525 6 672
3 525 6 670
0 0 0 0
0 0 0 0
2 364 3 316
0 0 0 0
3 403 6 671
2 284 4 447
3 557 4 408
0 0 0 0
0 0 0 0
0 0 0 0
0 0 0 0
0 0 0 0
0 0 0 0
0 0 0 0
0 0 0 0
0 0 0 0
0 0 0 0
0 0 0 0
7 1091 12 1343
2 190 5 563
0 0 0 0
0 0 0 0
0 0 0 0
0 0 0 0
0 0 0 0
0 0 0 0
0 0 0 0
0 0 0 0
0 0 0 0
0 0 0 0
0 0 0 0
0 0 0 0
0 0 0 0
0 0 0 0
0 0 0 0
0 0 0 0
0 0 0 0
0 0 0 0
0 0 0 0
1 32 1 32
0 0 0 0
0 0 0 0
0 0 0 0
0 0 0 0
272 27787 559 638961
665 64760 1456 1713712
672 64841 1429 1681933
706 68021 1451 1707827
561 54141 1358 1598366
728 70043 1487 1750199
681 65540 1456 1713712
726 69832 1440 1694880
731 70150 1440 1694880
720 69062 1423 1674871
611 58876 1481 1743137
673 64817 1363 1604251
747 71766 1472 1732544
759 73183 1504 1770208
750 72373 1472 1732544
746 71942 1487 1750199
763 73571 1489 1752553
763 73450 1520 1789040
716 68879 1408 1657216
614 59472 1314 1538858
0 0 0 0
0 0 0 0
0 0 0 0
0 0 0 0
0 0 0 0
0 0 0 0
0 0 0 0
0 0 0 0
0 0 0 0
0 0 0 0
0 0 0 0
0 0 0 0
0 0 0 0
0 0 0 0
0 0 0 0
0 0 0 0
0 0 0 0
0 0 0 0
0 0 0 0
1 32 1 32
0 0 0 0
0 0 0 0
0 0 0 0
0 0 0 0
0 0 0 0
0 0 0 0
0 0 0 0
0 0 0 0
0 0 0 0
0 0 0 0
0 0 0 0
0 0 0 0
0 0 0 0
0 0 0 0
0 0 0 0
0 0 0 0
0 0 0 0
0 0 0 0
0 0 0 0
0 0 0 0
1 32 1 32
0 0 0 0
127 13827 256 282333
568 55385 1440 1694880
754 72683 1499 1764323
770 73999 1508 1774916
747 71759 1486 1749022
740 71021 1451 1707827
730 70027 1447 1703119
753 72173 1471 1731367
754 72216 1488 1751376
706 67679 1392 1638384
692 66801 1488 1751376
445 42879 877 1024716
0 0 0 0
0 0 0 0
0 0 0 0
0 0 0 0
0 0 0 0
0 0 0 0
0 0 0 0
0 0 0 0
0 0 0 0
0 0 0 0
0 0 0 0
0 0 0 0
0 0 0 0
0 0 0 0
0 0 0 0
0 0 0 0
0 0 0 0
0 0 0 0
0 0 0 0
1 32 1 32
0 0 0 0
0 0 0 0
0 0 0 0
0 0 0 0
0 0 0 0
0 0 0 0
0 0 0 0
0 0 0 0
0 0 0 0
0 0 0 0
0 0 0 0
0 0 0 0
0 0 0 0
0 0 0 0
0 0 0 0
0 0 0 0
0 0 0 0
0 0 0 0
0 0 0 0
1 32 1 32
0 0 0 0
0 0 0 0
0 0 0 0
0 0 0 0
0 0 0 0
0 0 0 0
0 0 0 0
0 0 0 0
0 0 0 0
0 0 0 0
0 0 0 0
0 0 0 0
0 0 0 0
0 0 0 0
0 0 0 0
0 0 0 0
0 0 0 0
0 0 0 0
0 0 0 0
1 32 1 32
0 0 0 0
0 0 0 0
228 23494 464 526994
606 59013 1424 1676048
465 44785 1456 1713712
691 66530 1471 1731367
731 70169 1456 1713712
716 68723 1440 1694880
700 67251 1392 1638384
746 71624 1472 1732544
755 72565 1488 1751376
571 55054 1424 1676048
533 51571 1472 1732544
681 65381 1456 1713712
476 45817 1511 1778447
319 30742 684 797936
0 0 0 0
0 0 0 0
0 0 0 0
0 0 0 0
0 0 0 0
0 0 0 0
0 0 0 0
0 0 0 0
0 0 0 0
0 0 0 0
0 0 0 0
0 0 0 0
0 0 0 0
0 0 0 0
0 0 0 0
0 0 0 0
0 0 0 0
0 0 0 0
0 0 0 0
1 32 1 32
0 0 0 0
0 0 0 0
0 0 0 0
0 0 0 0
0 0 0 0
0 0 0 0
0 0 0 0
0 0 0 0
0 0 0 0
0 0 0 0
0 0 0 0
0 0 0 0
0 0 0 0
0 0 0 0
0 0 0 0
0 0 0 0
0 0 0 0
0 0 0 0
0 0 0 0
1 32 1 32
0 0 0 0
0 0 0 0
0 0 0 0
0 0 0 0
0 0 0 0
0 0 0 0
0 0 0 0
0 0 0 0
0 0 0 0
0 0 0 0
0 0 0 0
0 0 0 0
0 0 0 0
0 0 0 0
0 0 0 0
0 0 0 0
0 0 0 0
0 0 0 0
0 0 0 0
1 32 1 32
0 0 0 0
0 0 0 0
0 0 0 0
0 0 0 0
0 0 0 0
0 0 0 0
0 0 0 0
0 0 0 0
0 0 0 0
0 0 0 0
0 0 0 0
0 0 0 0
0 0 0 0
0 0 0 0
0 0 0 0
0 0 0 0
0 0 0 0
0 0 0 0
0 0 0 0
311 31386 639 732969
579 56173 1456 1713712
658 63075 1488 1751376
597 57398 1440 1694880
689 66256 1501 1766677
745 71696 1458 1716066
510 49228 1488 1751376
512 49352 1456 1713712
724 69680 1488 1751376
736 70801 1440 1694880
630 60959 1471 1731367
749 72083 1472 1732544
565 54476 1504 1770208
411 40018 949 1109830
0 0 0 0
0 0 0 0
0 0 0 0
0 0 0 0
0 0 0 0
0 0 0 0
0 0 0 0
0 0 0 0
0 0 0 0
0 0 0 0
0 0 0 0
0 0 0 0
0 0 0 0
0 0 0 0
0 0 0 0
0 0 0 0
0 0 0 0
0 0 0 0
0 0 0 0
1 32 1 32
0 0 0 0
0 0 0 0
0 0 0 0
0 0 0 0
0 0 0 0
0 0 0 0
0 0 0 0
0 0 0 0
0 0 0 0
0 0 0 0
0 0 0 0
0 0 0 0
0 0 0 0
0 0 0 0
0 0 0 0
0 0 0 0
0 0 0 0
0 0 0 0
0 0 0 0
299 30374 636 729589
639 62348 1488 1751376
746 71885 1488 1751376
738 71163 1440 1694880
722 69716 1472 1732544
662 63973 1487 1750199
669 64911 1444 1699588
688 66464 1471 1731367
418 40575 964 1127689
0 0 0 0
0 0 0 0
0 0 0 0
0 0 0 0
0 0 0 0
0 0 0 0
0 0 0 0
0 0 0 0
0 0 0 0
0 0 0 0
0 0 0 0
0 0 0 0
0 0 0 0
0 0 0 0
0 0 0 0
0 0 0 0
0 0 0 0
0 0 0 0
0 0 0 0
1 32 1 32
0 0 0 0
0 0 0 0
0 0 0 0
0 0 0 0
0 0 0 0
0 0 0 0
0 0 0 0
0 0 0 0
0 0 0 0
0 0 0 0
0 0 0 0
0 0 0 0
0 0 0 0
0 0 0 0
0 0 0 0
0 0 0 0
0 0 0 0
0 0 0 0
0 0 0 0
1 32 1 32
0 0 0 0
0 0 0 0
0 0 0 0
0 0 0 0
0 0 0 0
0 0 0 0
0 0 0 0
0 0 0 0
0 0 0 0
0 0 0 0
0 0 0 0
0 0 0 0
0 0 0 0
0 0 0 0
0 0 0 0
0 0 0 0
0 0 0 0
0 0 0 0
0 0 0 0
1 32 1 32
0 0 0 0
0 0 0 0
0 0 0 0
0 0 0 0
0 0 0 0
0 0 0 0
0 0 0 0
0 0 0 0
431 42861 861 994405
629 61127 1488 1751376
762 72953 1504 1770208
728 69730 1472 1732544
763 73269 1514 1781978
727 69898 1477 1738429
721 69403 1440 1694880
730 70272 1440 1694880
20 2068 35 34540
0 0 0 0
0 0 0 0
0 0 0 0
0 0 0 0
0 0 0 0
0 0 0 0
0 0 0 0
0 0 0 0
0 0 0 0
0 0 0 0
0 0 0 0
0 0 0 0
0 0 0 0
0 0 0 0
0 0 0 0
0 0 0 0
0 0 0 0
0 0 0 0
0 0 0 0
1 32 1 32
0 0 0 0
0 0 0 0
0 0 0 0
0 0 0 0
0 0 0 0
0 0 0 0
0 0 0 0
11 1913 11 1656
0 0 1 93
3 819 3 550
14 2639 5 929
0 0 0 0
0 0 0 0
0 0 0 0
0 0 0 0
0 0 0 0
0 0 0 0
0 0 0 0
0 0 0 0
0 0 0 0
0 0 0 0
0 0 0 0
0 0 0 0
0 0 0 0
0 0 0 0
0 0 0 0
0 0 0 0
0 0 0 0
0 0 0 0
0 0 0 0
1 32 1 32
0 0 0 0
0 0 0 0
0 0 0 0
0 0 0 0
0 0 0 0
3 401 6 667
4 536 8 893
2 266 4 445
2 270 4 444
2 270 4 446
9 1283 11 1360
6 816 9 1060
4 534 8 892
5 695 10 1119
5 775 9 988
1 135 2 224
4 538 8 896
3 421 5 541
2 364 3 318
0 0 0 0
0 0 0 0
0 0 0 0
0 0 0 0
0 0 0 0
0 0 0 0
3 405 6 673
3 409 6 672
3 501 5 542
0 0 0 0
0 0 0 0
0 0 0 0
0 0 0 0
0 0 0 0
0 0 0 0
0 0 0 0
0 0 0 0
0 0 0 0
0 0 0 0
0 0 0 0
0 0 0 0
0 0 0 0
0 0 0 0
0 0 0 0
0 0 0 0
0 0 0 0
0 0 0 0
0 0 0 0
3 400 6 670
4 546 8 895
6 805 12 1343
3 451 5 540
6 802 12 1340
4 836 5 503
0 0 0 0
8 1760 10 1015
15 2385 16 2177
20 3164 22 2922
7 1095 7 870
8 1272 16 1791
5 795 10 1116
6 954 12 1341
3 477 6 670
4 612 7 760
3 477 6 671
5 755 8 856
3 477 6 670
3 477 6 671
18 2862 30 3462
9 1431 17 1922
13 2067 23 2630
11 1749 21 2370
15 2385 25 2894
7 1065 13 1398
1 159 2 224
3 477 6 670
6 986 10 1081
3 571 4 409
0 0 0 0
0 0 0 0
0 0 0 0
0 0 0 0
0 0 0 0
0 0 0 0
0 0 0 0
0 0 0 0
0 0 0 0
1 159 2 231
2 350 4 466
0 0 0 0
0 0 0 0
0 0 0 0
0 0 0 0
0 0 0 0
0 0 0 0
0 0 0 0
0 0 0 0
0 0 0 0
0 0 0 0
0 0 0 0
0 0 0 0
0 0 0 0
0 0 0 0
0 0 0 0
0 0 0 0
0 0 0 0
0 0 0 0
0 0 0 0
2 175 2 163
11 1573 13 1627
19 2673 20 2576
3 405 6 670
4 610 7 789
0 0 0 0
0 0 0 0
0 0 0 0
0 0 0 0
0 0 0 0
94 10577 192 207002
713 68671 1472 1732544
619 59871 1456 1713712
721 69126 1437 1691349
576 55483 1479 1740783
536 51480 1482 1744314
677 64823 1392 1638384
723 69223 1472 1732544
638 61151 1440 1694880
577 55426 1456 1713712
682 65651 1455 1712535
705 67679 1425 1677225
623 59891 1456 1713712
595 57404 1471 1731367
590 56873 1402 1643065
2 190 1 93
0 0 0 0
0 0 0 0
0 0 0 0
0 0 0 0
0 0 0 0
0 0 0 0
0 0 0 0
0 0 0 0
0 0 0 0
0 0 0 0
0 0 0 0
0 0 0 0
0 0 0 0
0 0 0 0
0 0 0 0
0 0 0 0
0 0 0 0
0 0 0 0
0 0 0 0
1 32 1 32
0 0 0 0
0 0 0 0
0 0 0 0
0 0 0 0
0 0 0 0
0 0 0 0
0 0 0 0
0 0 0 0
0 0 0 0
0 0 0 0
0 0 0 0
0 0 0 0
0 0 0 0
0 0 0 0
0 0 0 0
0 0 0 0
0 0 0 0
13 2636 13 2116
632 60860 1282 1503122
676 65409 1472 1732544
755 72319 1493 1757261
668 64169 1435 1688995
728 69731 1423 1674871
747 71539 1472 1732544
671 64352 1456 1713712
730 70023 1440 1694880
402 38821 1472 1732544
746 71575 1471 1731367
631 60773 1424 1676048
671 64318 1421 1672517
646 61924 1443 1698411
591 57144 1405 1645386
0 0 1 92
0 0 0 0
0 0 0 0
0 0 0 0
0 0 0 0
0 0 0 0
0 0 0 0
0 0 0 0
0 0 0 0
0 0 0 0
0 0 0 0
0 0 0 0
0 0 0 0
0 0 0 0
0 0 0 0
0 0 0 0
0 0 0 0
0 0 0 0
0 0 0 0
0 0 0 0
1 32 1 32
0 0 0 0
0 0 0 0
0 0 0 0
0 0 0 0
0 0 0 0
0 0 0 0
0 0 0 0
0 0 0 0
0 0 0 0
0 0 0 0
0 0 0 0
0 0 0 0
0 0 0 0
0 0 0 0
0 0 0 0
0 0 0 0
0 0 0 0
0 0 0 0
0 0 0 0
1 32 1 32
0 0 0 0
0 0 0 0
0 0 0 0
0 0 0 0
0 0 0 0
0 0 0 0
0 0 0 0
0 0 0 0
0 0 0 0
0 0 0 0
0 0 0 0
0 0 0 0
0 0 0 0
451 45046 912 1054289
650 63334 1487 1750199
708 68279 1440 1694880
725 69787 1456 1713712
659 63443 1456 1713712
695 66914 1392 1638384
713 68594 1440 1694880
715 68812 1423 1674871
656 63187 1457 1714889
586 56636 1471 1731367
613 59525 1488 1751376
580 56040 1455 1712535
472 45676 1472 1732544
598 57901 1456 1713712
746 71783 1472 1732544
764 73524 1504 1770208
612 58880 1415 1665455
755 72551 1488 1751376
601 57768 1424 1676048
668 64292 1504 1770208
301 29107 585 681344
0 0 0 0
0 0 0 0
0 0 0 0
0 0 0 0
0 0 0 0
0 0 0 0
0 0 0 0
0 0 0 0
0 0 0 0
0 0 0 0
0 0 0 0
0 0 0 0
0 0 0 0
0 0 0 0
0 0 0 0
0 0 0 0
0 0 0 0
0 0 0 0
0 0 0 0
1 32 1 32
0 0 0 0
0 0 0 0
0 0 0 0
0 0 0 0
0 0 0 0
0 0 0 0
0 0 0 0
0 0 0 0
0 0 0 0
0 0 0 0
0 0 0 0
0 0 0 0
0 0 0 0
0 0 0 0
0 0 0 0
0 0 0 0
0 0 0 0
272 27707 575 657792
618 60176 1442 1697234
586 56556 1454 1711358
626 60535 1455 1712535
709 68141 1440 1694880
741 71091 1472 1732544
761 73071 1488 1751376
677 64958 1429 1681933
739 70901 1451 1707827
583 56044 1401 1648977
646 62390 1479 1740783
754 72350 1488 1751376
734 70461 1504 1770208
622 59644 1407 1656039
631 60640 1456 1713712
241 23235 493 573326
0 0 0 0
0 0 0 0
0 0 0 0
0 0 0 0
0 0 0 0
0 0 0 0
0 0 0 0
0 0 0 0
0 0 0 0
0 0 0 0
0 0 0 0
0 0 0 0
0 0 0 0
0 0 0 0
0 0 0 0
0 0 0 0
0 0 0 0
0 0 0 0
0 0 0 0
1 32 1 32
0 0 0 0
0 0 0 0
0 0 0 0
0 0 0 0
0 0 0 0
0 0 0 0
0 0 0 0
0 0 0 0
0 0 0 0
0 0 0 0
0 0 0 0
0 0 0 0
0 0 0 0
0 0 0 0
0 0 0 0
0 0 0 0
0 0 0 0
0 0 0 0
0 0 0 0
1 32 1 32
16 3078 16 2531
626 61425 1424 1673374
745 71925 1488 1751376
668 64698 1440 1694880
760 73451 1488 1751376
685 66204 1440 1694880
48 4774 93 101921
0 0 0 0
0 0 0 0
0 0 0 0
0 0 0 0
0 0 0 0
0 0 0 0
0 0 0 0
0 0 0 0
0 0 0 0
0 0 0 0
0 0 0 0
0 0 0 0
0 0 0 0
0 0 0 0
0 0 0 0
0 0 0 0
0 0 0 0
0 0 0 0
0 0 0 0
1 32 1 32
0 0 0 0
0 0 0 0
0 0 0 0
0 0 0 0
0 0 0 0
0 0 0 0
0 0 0 0
0 0 0 0
0 0 0 0
0 0 0 0
0 0 0 0
0 0 0 0
0 0 0 0
0 0 0 0
0 0 0 0
0 0 0 0
0 0 0 0
0 0 0 0
13 2626 13 2111
591 56755 1203 1410135
597 57954 1422 1672609
698 66753 1361 1601897
610 58971 1392 1637299
694 66422 1372 1614844
716 68531 1407 1656039
722 69175 1424 1676048
701 67067 1392 1638384
721 69075 1424 1676048
654 62960 1392 1638384
24 2452 46 47610
0 0 0 0
0 0 0 0
0 0 0 0
0 0 0 0
0 0 0 0
0 0 0 0
0 0 0 0
0 0 0 0
0 0 0 0
0 0 0 0
0 0 0 0
0 0 0 0
0 0 0 0
0 0 0 0
0 0 0 0
0 0 0 0
0 0 0 0
0 0 0 0
0 0 0 0
1 32 1 32
0 0 0 0
0 0 0 0
0 0 0 0
0 0 0 0
0 0 0 0
0 0 0 0
0 0 0 0
0 0 0 0
0 0 0 0
0 0 0 0
0 0 0 0
0 0 0 0
0 0 0 0
0 0 0 0
0 0 0 0
0 0 0 0
0 0 0 0
0 0 0 0
0 0 0 0
1 32 1 32
0 0 0 0
0 0 0 0
0 0 0 0
0 0 0 0
0 0 0 0
0 0 0 0
0 0 0 0
0 0 0 0
0 0 0 0
0 0 0 0
0 0 0 0
0 0 0 0
0 0 0 0
0 0 0 0
0 0 0 0
0 0 0 0
0 0 0 0
0 0 0 0
0 0 0 0
1 32 1 32
0 0 0 0
0 0 0 0
0 0 0 0
0 0 0 0
0 0 0 0
0 0 0 0
0 0 0 0
0 0 0 0
0 0 0 0
0 0 0 0
0 0 0 0
0 0 0 0
0 0 0 0
0 0 0 0
0 0 0 0
0 0 0 0
0 0 0 0
0 0 0 0
0 0 0 0
1 32 1 32
101 11358 239 262320
588 56800 1273 1498321
583 57376 1438 1692526
726 70110 1440 1694880
729 70358 1423 1674871
681 65966 1415 1665455
742 71487 1469 1729013
143 13921 271 311740
0 0 0 0
0 0 0 0
0 0 0 0
0 0 0 0
0 0 0 0
0 0 0 0
0 0 0 0
0 0 0 0
0 0 0 0
0 0 0 0
0 0 0 0
0 0 0 0
0 0 0 0
0 0 0 0
0 0 0 0
0 0 0 0
0 0 0 0
0 0 0 0
0 0 0 0
1 32 1 32
0 0 0 0
0 0 0 0
0 0 0 0
0 0 0 0
0 0 0 0
0 0 0 0
0 0 0 0
0 0 0 0
0 0 0 0
0 0 0 0
0 0 0 0
0 0 0 0
0 0 0 0
0 0 0 0
0 0 0 0
0 0 0 0
0 0 0 0
0 0 0 0
0 0 0 0
1 32 1 32
0 0 0 0
0 0 0 0
0 0 0 0
0 0 0 0
0 0 0 0
0 0 0 0
0 0 0 0
0 0 0 0
0 0 0 0
0 0 0 0
0 0 0 0
0 0 0 0
0 0 0 0
0 0 0 0
0 0 0 0
0 0 0 0
0 0 0 0
0 0 0 0
0 0 0 0
1 32 1 32
0 0 0 0
0 0 0 0
0 0 0 0
0 0 0 0
0 0 0 0
0 0 0 0
0 0 0 0
0 0 0 0
0 0 0 0
0 0 0 0
0 0 0 0
0 0 0 0
0 0 0 0
0 0 0 0
0 0 0 0
0 0 0 0
0 0 0 0
0 0 0 0
0 0 0 0
1 32 1 32
154 16532 366 405559
0 0 1 92
0 0 0 0
0 0 0 0
0 0 0 0
0 0 0 0
0 0 0 0
0 0 0 0
0 0 0 0
0 0 0 0
0 0 0 0
0 0 0 0
0 0 0 0
0 0 0 0
0 0 0 0
0 0 0 0
0 0 0 0
0 0 0 0
0 0 0 0
0 0 0 0
0 0 0 0
8 1454 10 1372
503 49065 1026 1197857
674 65370 1472 1732544
631 60680 1504 1770208
565 54471 1363 1604251
613 59207 1488 1751376
747 72129 1472 1732544
738 71293 1456 1713712
712 68767 1440 1694880
733 70759 1456 1713712
676 65238 1440 1694880
667 64619 1439 1693703
740 71350 1472 1732544
597 57645 1519 1787863
516 50047 1440 1694880
702 67702 1488 1751376
696 67221 1424 1676048
530 51294 1472 1732544
637 61546 1440 1694880
734 70867 1456 1713712
250 24309 494 573668
0 0 0 0
0 0 0 0
0 0 0 0
0 0 0 0
0 0 0 0
0 0 0 0
0 0 0 0
0 0 0 0
0 0 0 0
0 0 0 0
0 0 0 0
0 0 0 0
0 0 0 0
0 0 0 0
0 0 0 0
0 0 0 0
0 0 0 0
0 0 0 0
0 0 0 0
1 32 1 32
0 0 0 0
0 0 0 0
0 0 0 0
0 0 0 0
0 0 0 0
0 0 0 0
0 0 0 0
0 0 0 0
0 0 0 0
0 0 0 0
0 0 0 0
0 0 0 0
0 0 0 0
0 0 0 0
0 0 0 0
0 0 0 0
0 0 0 0
0 0 0 0
0 0 0 0
1 32 1 32
0 0 0 0
0 0 0 0
0 0 0 0
0 0 0 0
0 0 0 0
0 0 0 0
0 0 0 0
0 0 0 0
0 0 0 0
0 0 0 0
0 0 0 0
0 0 0 0
0 0 0 0
0 0 0 0
0 0 0 0
0 0 0 0
0 0 0 0
0 0 0 0
0 0 0 0
1 32 1 32
0 0 0 0
0 0 0 0
0 0 0 0
199 20806 403 455348
586 57473 1484 1746668
637 61593 1515 1783155
747 72190 1461 1719597
443 43203 1456 1713712
746 72064 1472 1732544
648 62690 1488 1751376
696 67234 1439 1693703
622 60161 1456 1713712
555 53955 1440 1694880
621 60079 1472 1732544
696 67323 1504 1770208
584 56520 1474 1734898
683 66181 1486 1749022
703 67940 1488 1751376
740 71436 1472 1732544
708 68289 1488 1751376
563 54347 1471 1731367
622 60399 1380 1614959
0 0 0 0
0 0 0 0
0 0 0 0
0 0 0 0
0 0 0 0
0 0 0 0
0 0 0 0
0 0 0 0
0 0 0 0
0 0 0 0
0 0 0 0
0 0 0 0
0 0 0 0
0 0 0 0
0 0 0 0
0 0 0 0
0 0 0 0
0 0 0 0
0 0 0 0
0 0 0 0
1 32 1 32
0 0 0 0
0 0 0 0
0 0 0 0
0 0 0 0
0 0 0 0
0 0 0 0
0 0 0 0
0 0 0 0
0 0 0 0
0 0 0 0
0 0 0 0
0 0 0 0
0 0 0 0
0 0 0 0
0 0 0 0
0 0 0 0
0 0 0 0
0 0 0 0
0 0 0 0
1 32 1 32
0 0 0 0
0 0 0 0
0 0 0 0
0 0 0 0
0 0 0 0
0 0 0 0
0 0 0 0
0 0 0 0
0 0 0 0
0 0 0 0
0 0 0 0
0 0 0 0
0 0 0 0
0 0 0 0
0 0 0 0
0 0 0 0
0 0 0 0
0 0 0 0
0 0 0 0
1 32 1 32
0 0 0 0
0 0 0 0
0 0 0 0
0 0 0 0
0 0 0 0
0 0 0 0
0 0 0 0
0 0 0 0
0 0 0 0
0 0 0 0
0 0 0 0
0 0 0 0
0 0 0 0
0 0 0 0
0 0 0 0
0 0 0 0
0 0 0 0
0 0 0 0
0 0 0 0
1 32 1 32
0 0 0 0
0 0 0 0
0 0 0 0
0 0 0 0
0 0 0 0
0 0 0 0
0 0 0 0
0 0 0 0
0 0 0 0
0 0 0 0
0 0 0 0
0 0 0 0
0 0 0 0
0 0 0 0
0 0 0 0
0 0 0 0
0 0 0 0
0 0 0 0
0 0 0 0
1 32 1 32
0 0 0 0
0 0 0 0
0 0 0 0
0 0 0 0
0 0 0 0
0 0 0 0
0 0 0 0
0 0 0 0
0 0 0 0
0 0 0 0
0 0 0 0
0 0 0 0
0 0 0 0
0 0 0 0
0 0 0 0
0 0 0 0
0 0 0 0
0 0 0 0
0 0 0 0
1 32 1 32
0 0 0 0
0 0 0 0
0 0 0 0
0 0 0 0
0 0 0 0
0 0 0 0
0 0 0 0
0 0 0 0
0 0 0 0
0 0 0 0
0 0 0 0
0 0 0 0
0 0 0 0
0 0 0 0
0 0 0 0
0 0 0 0
10 1751 10 1482
1 151 2 256
0 0 0 0
0 0 0 0
0 0 0 0
0 0 0 0
0 0 0 0
0 0 0 0
0 0 0 0
0 0 0 0
0 0 0 0
8 2045 8 1477
0 0 0 0
2 268 4 447
4 544 8 889
4 640 8 890
6 1220 9 941
1 132 2 222
3 401 6 667
5 833 8 852
0 0 0 0
4 640 7 770
0 0 0 0
0 0 0 0
0 0 0 0
0 0 0 0
0 0 0 0
0 0 0 0
0 0 0 0
0 0 0 0
0 0 0 0
0 0 0 0
0 0 0 0
0 0 0 0
0 0 0 0
0 0 0 0
0 0 0 0
0 0 0 0
0 0 0 0
4 540 8 894
6 840 10 1106
0 0 0 0
0 0 0 0
0 0 0 0
0 0 0 0
0 0 0 0
0 0 0 0
0 0 0 0
0 0 0 0
0 0 0 0
0 0 0 0
0 0 0 0
0 0 0 0
0 0 0 0
0 0 0 0
0 0 0 0
0 0 0 0
0 0 0 0
0 0 0 0
0 0 0 0
1 32 1 32
0 0 0 0
0 0 0 0
0 0 0 0
0 0 0 0
0 0 0 0
0 0 0 0
0 0 0 0
0 0 0 0
0 0 0 0
0 0 0 0
0 0 0 0
0 0 0 0
0 0 0 0
0 0 0 0
0 0 0 0
0 0 0 0
0 0 0 0
0 0 0 0
0 0 0 0
